dt=0.005//time stepfor sampling data
0
0.0628000000000000
0.125300000000000
0.187400000000000
0.248700000000000
0.309000000000000
0.368100000000000
0.425800000000000
0.481800000000000
0.535800000000000
0.587800000000000
0.637400000000000
0.684500000000000
0.729000000000000
0.770500000000000
0.809000000000000
0.844300000000000
0.876300000000000
0.904800000000000
0.929800000000000
0.951100000000000
0.968600000000000
0.982300000000000
0.992100000000000
0.998000000000000
1
0.998000000000000
0.992100000000000
0.982300000000000
0.968600000000000
0.951100000000000
0.929800000000000
0.904800000000000
0.876300000000000
0.844300000000000
0.809000000000000
0.770500000000000
0.729000000000000
0.684500000000000
0.637400000000000
0.587800000000000
0.535800000000000
0.481800000000000
0.425800000000000
0.368100000000000
0.309000000000000
0.248700000000000
0.187400000000000
0.125300000000000
0.0628000000000000
0
-0.0628000000000000
-0.125300000000000
-0.187400000000000
-0.248700000000000
-0.309000000000000
-0.368100000000000
-0.425800000000000
-0.481800000000000
-0.535800000000000
-0.587800000000000
-0.637400000000000
-0.684500000000000
-0.729000000000000
-0.770500000000000
-0.809000000000000
-0.844300000000000
-0.876300000000000
-0.904800000000000
-0.929800000000000
-0.951100000000000
-0.968600000000000
-0.982300000000000
-0.992100000000000
-0.998000000000000
-1
-0.998000000000000
-0.992100000000000
-0.982300000000000
-0.968600000000000
-0.951100000000000
-0.929800000000000
-0.904800000000000
-0.876300000000000
-0.844300000000000
-0.809000000000000
-0.770500000000000
-0.729000000000000
-0.684500000000000
-0.637400000000000
-0.587800000000000
-0.535800000000000
-0.481800000000000
-0.425800000000000
-0.368100000000000
-0.309000000000000
-0.248700000000000
-0.187400000000000
-0.125300000000000
-0.0628000000000000
0
0.0628000000000000
0.125300000000000
0.187400000000000
0.248700000000000
0.309000000000000
0.368100000000000
0.425800000000000
0.481800000000000
0.535800000000000
0.587800000000000
0.637400000000000
0.684500000000000
0.729000000000000
0.770500000000000
0.809000000000000
0.844300000000000
0.876300000000000
0.904800000000000
0.929800000000000
0.951100000000000
0.968600000000000
0.982300000000000
0.992100000000000
0.998000000000000
1
0.998000000000000
0.992100000000000
0.982300000000000
0.968600000000000
0.951100000000000
0.929800000000000
0.904800000000000
0.876300000000000
0.844300000000000
0.809000000000000
0.770500000000000
0.729000000000000
0.684500000000000
0.637400000000000
0.587800000000000
0.535800000000000
0.481800000000000
0.425800000000000
0.368100000000000
0.309000000000000
0.248700000000000
0.187400000000000
0.125300000000000
0.0628000000000000
0
-0.0628000000000000
-0.125300000000000
-0.187400000000000
-0.248700000000000
-0.309000000000000
-0.368100000000000
-0.425800000000000
-0.481800000000000
-0.535800000000000
-0.587800000000000
-0.637400000000000
-0.684500000000000
-0.729000000000000
-0.770500000000000
-0.809000000000000
-0.844300000000000
-0.876300000000000
-0.904800000000000
-0.929800000000000
-0.951100000000000
-0.968600000000000
-0.982300000000000
-0.992100000000000
-0.998000000000000
-1
-0.998000000000000
-0.992100000000000
-0.982300000000000
-0.968600000000000
-0.951100000000000
-0.929800000000000
-0.904800000000000
-0.876300000000000
-0.844300000000000
-0.809000000000000
-0.770500000000000
-0.729000000000000
-0.684500000000000
-0.637400000000000
-0.587800000000000
-0.535800000000000
-0.481800000000000
-0.425800000000000
-0.368100000000000
-0.309000000000000
-0.248700000000000
-0.187400000000000
-0.125300000000000
-0.0628000000000000
0
0.0628000000000000
0.125300000000000
0.187400000000000
0.248700000000000
0.309000000000000
0.368100000000000
0.425800000000000
0.481800000000000
0.535800000000000
0.587800000000000
0.637400000000000
0.684500000000000
0.729000000000000
0.770500000000000
0.809000000000000
0.844300000000000
0.876300000000000
0.904800000000000
0.929800000000000
0.951100000000000
0.968600000000000
0.982300000000000
0.992100000000000
0.998000000000000
1
0.998000000000000
0.992100000000000
0.982300000000000
0.968600000000000
0.951100000000000
0.929800000000000
0.904800000000000
0.876300000000000
0.844300000000000
0.809000000000000
0.770500000000000
0.729000000000000
0.684500000000000
0.637400000000000
0.587800000000000
0.535800000000000
0.481800000000000
0.425800000000000
0.368100000000000
0.309000000000000
0.248700000000000
0.187400000000000
0.125300000000000
0.0628000000000000
0
-0.0628000000000000
-0.125300000000000
-0.187400000000000
-0.248700000000000
-0.309000000000000
-0.368100000000000
-0.425800000000000
-0.481800000000000
-0.535800000000000
-0.587800000000000
-0.637400000000000
-0.684500000000000
-0.729000000000000
-0.770500000000000
-0.809000000000000
-0.844300000000000
-0.876300000000000
-0.904800000000000
-0.929800000000000
-0.951100000000000
-0.968600000000000
-0.982300000000000
-0.992100000000000
-0.998000000000000
-1
-0.998000000000000
-0.992100000000000
-0.982300000000000
-0.968600000000000
-0.951100000000000
-0.929800000000000
-0.904800000000000
-0.876300000000000
-0.844300000000000
-0.809000000000000
-0.770500000000000
-0.729000000000000
-0.684500000000000
-0.637400000000000
-0.587800000000000
-0.535800000000000
-0.481800000000000
-0.425800000000000
-0.368100000000000
-0.309000000000000
-0.248700000000000
-0.187400000000000
-0.125300000000000
-0.0628000000000000
0
0.0628000000000000
0.125300000000000
0.187400000000000
0.248700000000000
0.309000000000000
0.368100000000000
0.425800000000000
0.481800000000000
0.535800000000000
0.587800000000000
0.637400000000000
0.684500000000000
0.729000000000000
0.770500000000000
0.809000000000000
0.844300000000000
0.876300000000000
0.904800000000000
0.929800000000000
0.951100000000000
0.968600000000000
0.982300000000000
0.992100000000000
0.998000000000000
1
0.998000000000000
0.992100000000000
0.982300000000000
0.968600000000000
0.951100000000000
0.929800000000000
0.904800000000000
0.876300000000000
0.844300000000000
0.809000000000000
0.770500000000000
0.729000000000000
0.684500000000000
0.637400000000000
0.587800000000000
0.535800000000000
0.481800000000000
0.425800000000000
0.368100000000000
0.309000000000000
0.248700000000000
0.187400000000000
0.125300000000000
0.0628000000000000
0
-0.0628000000000000
-0.125300000000000
-0.187400000000000
-0.248700000000000
-0.309000000000000
-0.368100000000000
-0.425800000000000
-0.481800000000000
-0.535800000000000
-0.587800000000000
-0.637400000000000
-0.684500000000000
-0.729000000000000
-0.770500000000000
-0.809000000000000
-0.844300000000000
-0.876300000000000
-0.904800000000000
-0.929800000000000
-0.951100000000000
-0.968600000000000
-0.982300000000000
-0.992100000000000
-0.998000000000000
-1
-0.998000000000000
-0.992100000000000
-0.982300000000000
-0.968600000000000
-0.951100000000000
-0.929800000000000
-0.904800000000000
-0.876300000000000
-0.844300000000000
-0.809000000000000
-0.770500000000000
-0.729000000000000
-0.684500000000000
-0.637400000000000
-0.587800000000000
-0.535800000000000
-0.481800000000000
-0.425800000000000
-0.368100000000000
-0.309000000000000
-0.248700000000000
-0.187400000000000
-0.125300000000000
-0.0628000000000000
0
0.0628000000000000
0.125300000000000
0.187400000000000
0.248700000000000
0.309000000000000
0.368100000000000
0.425800000000000
0.481800000000000
0.535800000000000
0.587800000000000
0.637400000000000
0.684500000000000
0.729000000000000
0.770500000000000
0.809000000000000
0.844300000000000
0.876300000000000
0.904800000000000
0.929800000000000
0.951100000000000
0.968600000000000
0.982300000000000
0.992100000000000
0.998000000000000
1
0.998000000000000
0.992100000000000
0.982300000000000
0.968600000000000
0.951100000000000
0.929800000000000
0.904800000000000
0.876300000000000
0.844300000000000
0.809000000000000
0.770500000000000
0.729000000000000
0.684500000000000
0.637400000000000
0.587800000000000
0.535800000000000
0.481800000000000
0.425800000000000
0.368100000000000
0.309000000000000
0.248700000000000
0.187400000000000
0.125300000000000
0.0628000000000000
0
-0.0628000000000000
-0.125300000000000
-0.187400000000000
-0.248700000000000
-0.309000000000000
-0.368100000000000
-0.425800000000000
-0.481800000000000
-0.535800000000000
-0.587800000000000
-0.637400000000000
-0.684500000000000
-0.729000000000000
-0.770500000000000
-0.809000000000000
-0.844300000000000
-0.876300000000000
-0.904800000000000
-0.929800000000000
-0.951100000000000
-0.968600000000000
-0.982300000000000
-0.992100000000000
-0.998000000000000
-1
-0.998000000000000
-0.992100000000000
-0.982300000000000
-0.968600000000000
-0.951100000000000
-0.929800000000000
-0.904800000000000
-0.876300000000000
-0.844300000000000
-0.809000000000000
-0.770500000000000
-0.729000000000000
-0.684500000000000
-0.637400000000000
-0.587800000000000
-0.535800000000000
-0.481800000000000
-0.425800000000000
-0.368100000000000
-0.309000000000000
-0.248700000000000
-0.187400000000000
-0.125300000000000
-0.0628000000000000
0
0.0628000000000000
0.125300000000000
0.187400000000000
0.248700000000000
0.309000000000000
0.368100000000000
0.425800000000000
0.481800000000000
0.535800000000000
0.587800000000000
0.637400000000000
0.684500000000000
0.729000000000000
0.770500000000000
0.809000000000000
0.844300000000000
0.876300000000000
0.904800000000000
0.929800000000000
0.951100000000000
0.968600000000000
0.982300000000000
0.992100000000000
0.998000000000000
1
0.998000000000000
0.992100000000000
0.982300000000000
0.968600000000000
0.951100000000000
0.929800000000000
0.904800000000000
0.876300000000000
0.844300000000000
0.809000000000000
0.770500000000000
0.729000000000000
0.684500000000000
0.637400000000000
0.587800000000000
0.535800000000000
0.481800000000000
0.425800000000000
0.368100000000000
0.309000000000000
0.248700000000000
0.187400000000000
0.125300000000000
0.0628000000000000
0
-0.0628000000000000
-0.125300000000000
-0.187400000000000
-0.248700000000000
-0.309000000000000
-0.368100000000000
-0.425800000000000
-0.481800000000000
-0.535800000000000
-0.587800000000000
-0.637400000000000
-0.684500000000000
-0.729000000000000
-0.770500000000000
-0.809000000000000
-0.844300000000000
-0.876300000000000
-0.904800000000000
-0.929800000000000
-0.951100000000000
-0.968600000000000
-0.982300000000000
-0.992100000000000
-0.998000000000000
-1
-0.998000000000000
-0.992100000000000
-0.982300000000000
-0.968600000000000
-0.951100000000000
-0.929800000000000
-0.904800000000000
-0.876300000000000
-0.844300000000000
-0.809000000000000
-0.770500000000000
-0.729000000000000
-0.684500000000000
-0.637400000000000
-0.587800000000000
-0.535800000000000
-0.481800000000000
-0.425800000000000
-0.368100000000000
-0.309000000000000
-0.248700000000000
-0.187400000000000
-0.125300000000000
-0.0628000000000000
0
0.0628000000000000
0.125300000000000
0.187400000000000
0.248700000000000
0.309000000000000
0.368100000000000
0.425800000000000
0.481800000000000
0.535800000000000
0.587800000000000
0.637400000000000
0.684500000000000
0.729000000000000
0.770500000000000
0.809000000000000
0.844300000000000
0.876300000000000
0.904800000000000
0.929800000000000
0.951100000000000
0.968600000000000
0.982300000000000
0.992100000000000
0.998000000000000
1
0.998000000000000
0.992100000000000
0.982300000000000
0.968600000000000
0.951100000000000
0.929800000000000
0.904800000000000
0.876300000000000
0.844300000000000
0.809000000000000
0.770500000000000
0.729000000000000
0.684500000000000
0.637400000000000
0.587800000000000
0.535800000000000
0.481800000000000
0.425800000000000
0.368100000000000
0.309000000000000
0.248700000000000
0.187400000000000
0.125300000000000
0.0628000000000000
0
-0.0628000000000000
-0.125300000000000
-0.187400000000000
-0.248700000000000
-0.309000000000000
-0.368100000000000
-0.425800000000000
-0.481800000000000
-0.535800000000000
-0.587800000000000
-0.637400000000000
-0.684500000000000
-0.729000000000000
-0.770500000000000
-0.809000000000000
-0.844300000000000
-0.876300000000000
-0.904800000000000
-0.929800000000000
-0.951100000000000
-0.968600000000000
-0.982300000000000
-0.992100000000000
-0.998000000000000
-1
-0.998000000000000
-0.992100000000000
-0.982300000000000
-0.968600000000000
-0.951100000000000
-0.929800000000000
-0.904800000000000
-0.876300000000000
-0.844300000000000
-0.809000000000000
-0.770500000000000
-0.729000000000000
-0.684500000000000
-0.637400000000000
-0.587800000000000
-0.535800000000000
-0.481800000000000
-0.425800000000000
-0.368100000000000
-0.309000000000000
-0.248700000000000
-0.187400000000000
-0.125300000000000
-0.0628000000000000
0
0.0628000000000000
0.125300000000000
0.187400000000000
0.248700000000000
0.309000000000000
0.368100000000000
0.425800000000000
0.481800000000000
0.535800000000000
0.587800000000000
0.637400000000000
0.684500000000000
0.729000000000000
0.770500000000000
0.809000000000000
0.844300000000000
0.876300000000000
0.904800000000000
0.929800000000000
0.951100000000000
0.968600000000000
0.982300000000000
0.992100000000000
0.998000000000000
1
0.998000000000000
0.992100000000000
0.982300000000000
0.968600000000000
0.951100000000000
0.929800000000000
0.904800000000000
0.876300000000000
0.844300000000000
0.809000000000000
0.770500000000000
0.729000000000000
0.684500000000000
0.637400000000000
0.587800000000000
0.535800000000000
0.481800000000000
0.425800000000000
0.368100000000000
0.309000000000000
0.248700000000000
0.187400000000000
0.125300000000000
0.0628000000000000
0
-0.0628000000000000
-0.125300000000000
-0.187400000000000
-0.248700000000000
-0.309000000000000
-0.368100000000000
-0.425800000000000
-0.481800000000000
-0.535800000000000
-0.587800000000000
-0.637400000000000
-0.684500000000000
-0.729000000000000
-0.770500000000000
-0.809000000000000
-0.844300000000000
-0.876300000000000
-0.904800000000000
-0.929800000000000
-0.951100000000000
-0.968600000000000
-0.982300000000000
-0.992100000000000
-0.998000000000000
-1
-0.998000000000000
-0.992100000000000
-0.982300000000000
-0.968600000000000
-0.951100000000000
-0.929800000000000
-0.904800000000000
-0.876300000000000
-0.844300000000000
-0.809000000000000
-0.770500000000000
-0.729000000000000
-0.684500000000000
-0.637400000000000
-0.587800000000000
-0.535800000000000
-0.481800000000000
-0.425800000000000
-0.368100000000000
-0.309000000000000
-0.248700000000000
-0.187400000000000
-0.125300000000000
-0.0628000000000000
0
0.0628000000000000
0.125300000000000
0.187400000000000
0.248700000000000
0.309000000000000
0.368100000000000
0.425800000000000
0.481800000000000
0.535800000000000
0.587800000000000
0.637400000000000
0.684500000000000
0.729000000000000
0.770500000000000
0.809000000000000
0.844300000000000
0.876300000000000
0.904800000000000
0.929800000000000
0.951100000000000
0.968600000000000
0.982300000000000
0.992100000000000
0.998000000000000
1
0.998000000000000
0.992100000000000
0.982300000000000
0.968600000000000
0.951100000000000
0.929800000000000
0.904800000000000
0.876300000000000
0.844300000000000
0.809000000000000
0.770500000000000
0.729000000000000
0.684500000000000
0.637400000000000
0.587800000000000
0.535800000000000
0.481800000000000
0.425800000000000
0.368100000000000
0.309000000000000
0.248700000000000
0.187400000000000
0.125300000000000
0.0628000000000000
0
-0.0628000000000000
-0.125300000000000
-0.187400000000000
-0.248700000000000
-0.309000000000000
-0.368100000000000
-0.425800000000000
-0.481800000000000
-0.535800000000000
-0.587800000000000
-0.637400000000000
-0.684500000000000
-0.729000000000000
-0.770500000000000
-0.809000000000000
-0.844300000000000
-0.876300000000000
-0.904800000000000
-0.929800000000000
-0.951100000000000
-0.968600000000000
-0.982300000000000
-0.992100000000000
-0.998000000000000
-1
-0.998000000000000
-0.992100000000000
-0.982300000000000
-0.968600000000000
-0.951100000000000
-0.929800000000000
-0.904800000000000
-0.876300000000000
-0.844300000000000
-0.809000000000000
-0.770500000000000
-0.729000000000000
-0.684500000000000
-0.637400000000000
-0.587800000000000
-0.535800000000000
-0.481800000000000
-0.425800000000000
-0.368100000000000
-0.309000000000000
-0.248700000000000
-0.187400000000000
-0.125300000000000
-0.0628000000000000
0
0.0628000000000000
0.125300000000000
0.187400000000000
0.248700000000000
0.309000000000000
0.368100000000000
0.425800000000000
0.481800000000000
0.535800000000000
0.587800000000000
0.637400000000000
0.684500000000000
0.729000000000000
0.770500000000000
0.809000000000000
0.844300000000000
0.876300000000000
0.904800000000000
0.929800000000000
0.951100000000000
0.968600000000000
0.982300000000000
0.992100000000000
0.998000000000000
1
0.998000000000000
0.992100000000000
0.982300000000000
0.968600000000000
0.951100000000000
0.929800000000000
0.904800000000000
0.876300000000000
0.844300000000000
0.809000000000000
0.770500000000000
0.729000000000000
0.684500000000000
0.637400000000000
0.587800000000000
0.535800000000000
0.481800000000000
0.425800000000000
0.368100000000000
0.309000000000000
0.248700000000000
0.187400000000000
0.125300000000000
0.0628000000000000
0
-0.0628000000000000
-0.125300000000000
-0.187400000000000
-0.248700000000000
-0.309000000000000
-0.368100000000000
-0.425800000000000
-0.481800000000000
-0.535800000000000
-0.587800000000000
-0.637400000000000
-0.684500000000000
-0.729000000000000
-0.770500000000000
-0.809000000000000
-0.844300000000000
-0.876300000000000
-0.904800000000000
-0.929800000000000
-0.951100000000000
-0.968600000000000
-0.982300000000000
-0.992100000000000
-0.998000000000000
-1
-0.998000000000000
-0.992100000000000
-0.982300000000000
-0.968600000000000
-0.951100000000000
-0.929800000000000
-0.904800000000000
-0.876300000000000
-0.844300000000000
-0.809000000000000
-0.770500000000000
-0.729000000000000
-0.684500000000000
-0.637400000000000
-0.587800000000000
-0.535800000000000
-0.481800000000000
-0.425800000000000
-0.368100000000000
-0.309000000000000
-0.248700000000000
-0.187400000000000
-0.125300000000000
-0.0628000000000000
0
0.0628000000000000
0.125300000000000
0.187400000000000
0.248700000000000
0.309000000000000
0.368100000000000
0.425800000000000
0.481800000000000
0.535800000000000
0.587800000000000
0.637400000000000
0.684500000000000
0.729000000000000
0.770500000000000
0.809000000000000
0.844300000000000
0.876300000000000
0.904800000000000
0.929800000000000
0.951100000000000
0.968600000000000
0.982300000000000
0.992100000000000
0.998000000000000
1
0.998000000000000
0.992100000000000
0.982300000000000
0.968600000000000
0.951100000000000
0.929800000000000
0.904800000000000
0.876300000000000
0.844300000000000
0.809000000000000
0.770500000000000
0.729000000000000
0.684500000000000
0.637400000000000
0.587800000000000
0.535800000000000
0.481800000000000
0.425800000000000
0.368100000000000
0.309000000000000
0.248700000000000
0.187400000000000
0.125300000000000
0.0628000000000000
0
-0.0628000000000000
-0.125300000000000
-0.187400000000000
-0.248700000000000
-0.309000000000000
-0.368100000000000
-0.425800000000000
-0.481800000000000
-0.535800000000000
-0.587800000000000
-0.637400000000000
-0.684500000000000
-0.729000000000000
-0.770500000000000
-0.809000000000000
-0.844300000000000
-0.876300000000000
-0.904800000000000
-0.929800000000000
-0.951100000000000
-0.968600000000000
-0.982300000000000
-0.992100000000000
-0.998000000000000
-1
-0.998000000000000
-0.992100000000000
-0.982300000000000
-0.968600000000000
-0.951100000000000
-0.929800000000000
-0.904800000000000
-0.876300000000000
-0.844300000000000
-0.809000000000000
-0.770500000000000
-0.729000000000000
-0.684500000000000
-0.637400000000000
-0.587800000000000
-0.535800000000000
-0.481800000000000
-0.425800000000000
-0.368100000000000
-0.309000000000000
-0.248700000000000
-0.187400000000000
-0.125300000000000
-0.0628000000000000
0
0.0628000000000000
0.125300000000000
0.187400000000000
0.248700000000000
0.309000000000000
0.368100000000000
0.425800000000000
0.481800000000000
0.535800000000000
0.587800000000000
0.637400000000000
0.684500000000000
0.729000000000000
0.770500000000000
0.809000000000000
0.844300000000000
0.876300000000000
0.904800000000000
0.929800000000000
0.951100000000000
0.968600000000000
0.982300000000000
0.992100000000000
0.998000000000000
1
0.998000000000000
0.992100000000000
0.982300000000000
0.968600000000000
0.951100000000000
0.929800000000000
0.904800000000000
0.876300000000000
0.844300000000000
0.809000000000000
0.770500000000000
0.729000000000000
0.684500000000000
0.637400000000000
0.587800000000000
0.535800000000000
0.481800000000000
0.425800000000000
0.368100000000000
0.309000000000000
0.248700000000000
0.187400000000000
0.125300000000000
0.0628000000000000
0
-0.0628000000000000
-0.125300000000000
-0.187400000000000
-0.248700000000000
-0.309000000000000
-0.368100000000000
-0.425800000000000
-0.481800000000000
-0.535800000000000
-0.587800000000000
-0.637400000000000
-0.684500000000000
-0.729000000000000
-0.770500000000000
-0.809000000000000
-0.844300000000000
-0.876300000000000
-0.904800000000000
-0.929800000000000
-0.951100000000000
-0.968600000000000
-0.982300000000000
-0.992100000000000
-0.998000000000000
-1
-0.998000000000000
-0.992100000000000
-0.982300000000000
-0.968600000000000
-0.951100000000000
-0.929800000000000
-0.904800000000000
-0.876300000000000
-0.844300000000000
-0.809000000000000
-0.770500000000000
-0.729000000000000
-0.684500000000000
-0.637400000000000
-0.587800000000000
-0.535800000000000
-0.481800000000000
-0.425800000000000
-0.368100000000000
-0.309000000000000
-0.248700000000000
-0.187400000000000
-0.125300000000000
-0.0628000000000000
0
0.0628000000000000
0.125300000000000
0.187400000000000
0.248700000000000
0.309000000000000
0.368100000000000
0.425800000000000
0.481800000000000
0.535800000000000
0.587800000000000
0.637400000000000
0.684500000000000
0.729000000000000
0.770500000000000
0.809000000000000
0.844300000000000
0.876300000000000
0.904800000000000
0.929800000000000
0.951100000000000
0.968600000000000
0.982300000000000
0.992100000000000
0.998000000000000
1
0.998000000000000
0.992100000000000
0.982300000000000
0.968600000000000
0.951100000000000
0.929800000000000
0.904800000000000
0.876300000000000
0.844300000000000
0.809000000000000
0.770500000000000
0.729000000000000
0.684500000000000
0.637400000000000
0.587800000000000
0.535800000000000
0.481800000000000
0.425800000000000
0.368100000000000
0.309000000000000
0.248700000000000
0.187400000000000
0.125300000000000
0.0628000000000000
0
-0.0628000000000000
-0.125300000000000
-0.187400000000000
-0.248700000000000
-0.309000000000000
-0.368100000000000
-0.425800000000000
-0.481800000000000
-0.535800000000000
-0.587800000000000
-0.637400000000000
-0.684500000000000
-0.729000000000000
-0.770500000000000
-0.809000000000000
-0.844300000000000
-0.876300000000000
-0.904800000000000
-0.929800000000000
-0.951100000000000
-0.968600000000000
-0.982300000000000
-0.992100000000000
-0.998000000000000
-1
-0.998000000000000
-0.992100000000000
-0.982300000000000
-0.968600000000000
-0.951100000000000
-0.929800000000000
-0.904800000000000
-0.876300000000000
-0.844300000000000
-0.809000000000000
-0.770500000000000
-0.729000000000000
-0.684500000000000
-0.637400000000000
-0.587800000000000
-0.535800000000000
-0.481800000000000
-0.425800000000000
-0.368100000000000
-0.309000000000000
-0.248700000000000
-0.187400000000000
-0.125300000000000
-0.0628000000000000
0
0.0628000000000000
0.125300000000000
0.187400000000000
0.248700000000000
0.309000000000000
0.368100000000000
0.425800000000000
0.481800000000000
0.535800000000000
0.587800000000000
0.637400000000000
0.684500000000000
0.729000000000000
0.770500000000000
0.809000000000000
0.844300000000000
0.876300000000000
0.904800000000000
0.929800000000000
0.951100000000000
0.968600000000000
0.982300000000000
0.992100000000000
0.998000000000000
1
0.998000000000000
0.992100000000000
0.982300000000000
0.968600000000000
0.951100000000000
0.929800000000000
0.904800000000000
0.876300000000000
0.844300000000000
0.809000000000000
0.770500000000000
0.729000000000000
0.684500000000000
0.637400000000000
0.587800000000000
0.535800000000000
0.481800000000000
0.425800000000000
0.368100000000000
0.309000000000000
0.248700000000000
0.187400000000000
0.125300000000000
0.0628000000000000
0
-0.0628000000000000
-0.125300000000000
-0.187400000000000
-0.248700000000000
-0.309000000000000
-0.368100000000000
-0.425800000000000
-0.481800000000000
-0.535800000000000
-0.587800000000000
-0.637400000000000
-0.684500000000000
-0.729000000000000
-0.770500000000000
-0.809000000000000
-0.844300000000000
-0.876300000000000
-0.904800000000000
-0.929800000000000
-0.951100000000000
-0.968600000000000
-0.982300000000000
-0.992100000000000
-0.998000000000000
-1
-0.998000000000000
-0.992100000000000
-0.982300000000000
-0.968600000000000
-0.951100000000000
-0.929800000000000
-0.904800000000000
-0.876300000000000
-0.844300000000000
-0.809000000000000
-0.770500000000000
-0.729000000000000
-0.684500000000000
-0.637400000000000
-0.587800000000000
-0.535800000000000
-0.481800000000000
-0.425800000000000
-0.368100000000000
-0.309000000000000
-0.248700000000000
-0.187400000000000
-0.125300000000000
-0.0628000000000000
0
0.0628000000000000
0.125300000000000
0.187400000000000
0.248700000000000
0.309000000000000
0.368100000000000
0.425800000000000
0.481800000000000
0.535800000000000
0.587800000000000
0.637400000000000
0.684500000000000
0.729000000000000
0.770500000000000
0.809000000000000
0.844300000000000
0.876300000000000
0.904800000000000
0.929800000000000
0.951100000000000
0.968600000000000
0.982300000000000
0.992100000000000
0.998000000000000
1
0.998000000000000
0.992100000000000
0.982300000000000
0.968600000000000
0.951100000000000
0.929800000000000
0.904800000000000
0.876300000000000
0.844300000000000
0.809000000000000
0.770500000000000
0.729000000000000
0.684500000000000
0.637400000000000
0.587800000000000
0.535800000000000
0.481800000000000
0.425800000000000
0.368100000000000
0.309000000000000
0.248700000000000
0.187400000000000
0.125300000000000
0.0628000000000000
0
-0.0628000000000000
-0.125300000000000
-0.187400000000000
-0.248700000000000
-0.309000000000000
-0.368100000000000
-0.425800000000000
-0.481800000000000
-0.535800000000000
-0.587800000000000
-0.637400000000000
-0.684500000000000
-0.729000000000000
-0.770500000000000
-0.809000000000000
-0.844300000000000
-0.876300000000000
-0.904800000000000
-0.929800000000000
-0.951100000000000
-0.968600000000000
-0.982300000000000
-0.992100000000000
-0.998000000000000
-1
-0.998000000000000
-0.992100000000000
-0.982300000000000
-0.968600000000000
-0.951100000000000
-0.929800000000000
-0.904800000000000
-0.876300000000000
-0.844300000000000
-0.809000000000000
-0.770500000000000
-0.729000000000000
-0.684500000000000
-0.637400000000000
-0.587800000000000
-0.535800000000000
-0.481800000000000
-0.425800000000000
-0.368100000000000
-0.309000000000000
-0.248700000000000
-0.187400000000000
-0.125300000000000
-0.0628000000000000
0
0.0628000000000000
0.125300000000000
0.187400000000000
0.248700000000000
0.309000000000000
0.368100000000000
0.425800000000000
0.481800000000000
0.535800000000000
0.587800000000000
0.637400000000000
0.684500000000000
0.729000000000000
0.770500000000000
0.809000000000000
0.844300000000000
0.876300000000000
0.904800000000000
0.929800000000000
0.951100000000000
0.968600000000000
0.982300000000000
0.992100000000000
0.998000000000000
1
0.998000000000000
0.992100000000000
0.982300000000000
0.968600000000000
0.951100000000000
0.929800000000000
0.904800000000000
0.876300000000000
0.844300000000000
0.809000000000000
0.770500000000000
0.729000000000000
0.684500000000000
0.637400000000000
0.587800000000000
0.535800000000000
0.481800000000000
0.425800000000000
0.368100000000000
0.309000000000000
0.248700000000000
0.187400000000000
0.125300000000000
0.0628000000000000
0
-0.0628000000000000
-0.125300000000000
-0.187400000000000
-0.248700000000000
-0.309000000000000
-0.368100000000000
-0.425800000000000
-0.481800000000000
-0.535800000000000
-0.587800000000000
-0.637400000000000
-0.684500000000000
-0.729000000000000
-0.770500000000000
-0.809000000000000
-0.844300000000000
-0.876300000000000
-0.904800000000000
-0.929800000000000
-0.951100000000000
-0.968600000000000
-0.982300000000000
-0.992100000000000
-0.998000000000000
-1
-0.998000000000000
-0.992100000000000
-0.982300000000000
-0.968600000000000
-0.951100000000000
-0.929800000000000
-0.904800000000000
-0.876300000000000
-0.844300000000000
-0.809000000000000
-0.770500000000000
-0.729000000000000
-0.684500000000000
-0.637400000000000
-0.587800000000000
-0.535800000000000
-0.481800000000000
-0.425800000000000
-0.368100000000000
-0.309000000000000
-0.248700000000000
-0.187400000000000
-0.125300000000000
-0.0628000000000000
0
0.0628000000000000
0.125300000000000
0.187400000000000
0.248700000000000
0.309000000000000
0.368100000000000
0.425800000000000
0.481800000000000
0.535800000000000
0.587800000000000
0.637400000000000
0.684500000000000
0.729000000000000
0.770500000000000
0.809000000000000
0.844300000000000
0.876300000000000
0.904800000000000
0.929800000000000
0.951100000000000
0.968600000000000
0.982300000000000
0.992100000000000
0.998000000000000
1
0.998000000000000
0.992100000000000
0.982300000000000
0.968600000000000
0.951100000000000
0.929800000000000
0.904800000000000
0.876300000000000
0.844300000000000
0.809000000000000
0.770500000000000
0.729000000000000
0.684500000000000
0.637400000000000
0.587800000000000
0.535800000000000
0.481800000000000
0.425800000000000
0.368100000000000
0.309000000000000
0.248700000000000
0.187400000000000
0.125300000000000
0.0628000000000000
0
-0.0628000000000000
-0.125300000000000
-0.187400000000000
-0.248700000000000
-0.309000000000000
-0.368100000000000
-0.425800000000000
-0.481800000000000
-0.535800000000000
-0.587800000000000
-0.637400000000000
-0.684500000000000
-0.729000000000000
-0.770500000000000
-0.809000000000000
-0.844300000000000
-0.876300000000000
-0.904800000000000
-0.929800000000000
-0.951100000000000
-0.968600000000000
-0.982300000000000
-0.992100000000000
-0.998000000000000
-1
-0.998000000000000
-0.992100000000000
-0.982300000000000
-0.968600000000000
-0.951100000000000
-0.929800000000000
-0.904800000000000
-0.876300000000000
-0.844300000000000
-0.809000000000000
-0.770500000000000
-0.729000000000000
-0.684500000000000
-0.637400000000000
-0.587800000000000
-0.535800000000000
-0.481800000000000
-0.425800000000000
-0.368100000000000
-0.309000000000000
-0.248700000000000
-0.187400000000000
-0.125300000000000
-0.0628000000000000
0
0.0628000000000000
0.125300000000000
0.187400000000000
0.248700000000000
0.309000000000000
0.368100000000000
0.425800000000000
0.481800000000000
0.535800000000000
0.587800000000000
0.637400000000000
0.684500000000000
0.729000000000000
0.770500000000000
0.809000000000000
0.844300000000000
0.876300000000000
0.904800000000000
0.929800000000000
0.951100000000000
0.968600000000000
0.982300000000000
0.992100000000000
0.998000000000000
1
0.998000000000000
0.992100000000000
0.982300000000000
0.968600000000000
0.951100000000000
0.929800000000000
0.904800000000000
0.876300000000000
0.844300000000000
0.809000000000000
0.770500000000000
0.729000000000000
0.684500000000000
0.637400000000000
0.587800000000000
0.535800000000000
0.481800000000000
0.425800000000000
0.368100000000000
0.309000000000000
0.248700000000000
0.187400000000000
0.125300000000000
0.0628000000000000
0
-0.0628000000000000
-0.125300000000000
-0.187400000000000
-0.248700000000000
-0.309000000000000
-0.368100000000000
-0.425800000000000
-0.481800000000000
-0.535800000000000
-0.587800000000000
-0.637400000000000
-0.684500000000000
-0.729000000000000
-0.770500000000000
-0.809000000000000
-0.844300000000000
-0.876300000000000
-0.904800000000000
-0.929800000000000
-0.951100000000000
-0.968600000000000
-0.982300000000000
-0.992100000000000
-0.998000000000000
-1
-0.998000000000000
-0.992100000000000
-0.982300000000000
-0.968600000000000
-0.951100000000000
-0.929800000000000
-0.904800000000000
-0.876300000000000
-0.844300000000000
-0.809000000000000
-0.770500000000000
-0.729000000000000
-0.684500000000000
-0.637400000000000
-0.587800000000000
-0.535800000000000
-0.481800000000000
-0.425800000000000
-0.368100000000000
-0.309000000000000
-0.248700000000000
-0.187400000000000
-0.125300000000000
-0.0628000000000000
0
0.0628000000000000
0.125300000000000
0.187400000000000
0.248700000000000
0.309000000000000
0.368100000000000
0.425800000000000
0.481800000000000
0.535800000000000
0.587800000000000
0.637400000000000
0.684500000000000
0.729000000000000
0.770500000000000
0.809000000000000
0.844300000000000
0.876300000000000
0.904800000000000
0.929800000000000
0.951100000000000
0.968600000000000
0.982300000000000
0.992100000000000
0.998000000000000
1
0.998000000000000
0.992100000000000
0.982300000000000
0.968600000000000
0.951100000000000
0.929800000000000
0.904800000000000
0.876300000000000
0.844300000000000
0.809000000000000
0.770500000000000
0.729000000000000
0.684500000000000
0.637400000000000
0.587800000000000
0.535800000000000
0.481800000000000
0.425800000000000
0.368100000000000
0.309000000000000
0.248700000000000
0.187400000000000
0.125300000000000
0.0628000000000000
0
-0.0628000000000000
-0.125300000000000
-0.187400000000000
-0.248700000000000
-0.309000000000000
-0.368100000000000
-0.425800000000000
-0.481800000000000
-0.535800000000000
-0.587800000000000
-0.637400000000000
-0.684500000000000
-0.729000000000000
-0.770500000000000
-0.809000000000000
-0.844300000000000
-0.876300000000000
-0.904800000000000
-0.929800000000000
-0.951100000000000
-0.968600000000000
-0.982300000000000
-0.992100000000000
-0.998000000000000
-1
-0.998000000000000
-0.992100000000000
-0.982300000000000
-0.968600000000000
-0.951100000000000
-0.929800000000000
-0.904800000000000
-0.876300000000000
-0.844300000000000
-0.809000000000000
-0.770500000000000
-0.729000000000000
-0.684500000000000
-0.637400000000000
-0.587800000000000
-0.535800000000000
-0.481800000000000
-0.425800000000000
-0.368100000000000
-0.309000000000000
-0.248700000000000
-0.187400000000000
-0.125300000000000
-0.0628000000000000
0
0.0628000000000000
0.125300000000000
0.187400000000000
0.248700000000000
0.309000000000000
0.368100000000000
0.425800000000000
0.481800000000000
0.535800000000000
0.587800000000000
0.637400000000000
0.684500000000000
0.729000000000000
0.770500000000000
0.809000000000000
0.844300000000000
0.876300000000000
0.904800000000000
0.929800000000000
0.951100000000000
0.968600000000000
0.982300000000000
0.992100000000000
0.998000000000000
1
0.998000000000000
0.992100000000000
0.982300000000000
0.968600000000000
0.951100000000000
0.929800000000000
0.904800000000000
0.876300000000000
0.844300000000000
0.809000000000000
0.770500000000000
0.729000000000000
0.684500000000000
0.637400000000000
0.587800000000000
0.535800000000000
0.481800000000000
0.425800000000000
0.368100000000000
0.309000000000000
0.248700000000000
0.187400000000000
0.125300000000000
0.0628000000000000
0
-0.0628000000000000
-0.125300000000000
-0.187400000000000
-0.248700000000000
-0.309000000000000
-0.368100000000000
-0.425800000000000
-0.481800000000000
-0.535800000000000
-0.587800000000000
-0.637400000000000
-0.684500000000000
-0.729000000000000
-0.770500000000000
-0.809000000000000
-0.844300000000000
-0.876300000000000
-0.904800000000000
-0.929800000000000
-0.951100000000000
-0.968600000000000
-0.982300000000000
-0.992100000000000
-0.998000000000000
-1
-0.998000000000000
-0.992100000000000
-0.982300000000000
-0.968600000000000
-0.951100000000000
-0.929800000000000
-0.904800000000000
-0.876300000000000
-0.844300000000000
-0.809000000000000
-0.770500000000000
-0.729000000000000
-0.684500000000000
-0.637400000000000
-0.587800000000000
-0.535800000000000
-0.481800000000000
-0.425800000000000
-0.368100000000000
-0.309000000000000
-0.248700000000000
-0.187400000000000
-0.125300000000000
-0.0628000000000000