dt=0.01;//sampling frequency
0.01000 0.00000
0.02000 0.00000
0.03000 -0.00000
0.04000 -0.00000
0.05000 -0.00000
0.06000 0.00000
0.07000 0.00098
0.08000 0.00098
0.09000 0.00000
0.10000 -0.00000
0.11000 -0.00098
0.12000 -0.00098
0.13000 -0.00098
0.14000 -0.00098
0.15000 -0.00098
0.16000 -0.00098
0.17000 -0.00098
0.18000 0.00098
0.19000 0.00294
0.20000 0.00392
0.21000 0.00392
0.22000 0.00491
0.23000 0.00589
0.24000 0.00687
0.25000 0.00589
0.26000 0.00294
0.27000 -0.00000
0.28000 0.00098
0.29000 0.00196
0.30000 0.00294
0.31000 0.00294
0.32000 -0.00000
0.33000 -0.00589
0.34000 -0.00981
0.35000 -0.00883
0.36000 -0.00883
0.37000 -0.00785
0.38000 -0.00491
0.39000 0.00098
0.40000 0.00392
0.41000 0.00196
0.42000 -0.00392
0.43000 -0.00883
0.44000 -0.00981
0.45000 -0.00785
0.46000 -0.00687
0.47000 -0.00098
0.48000 0.00883
0.49000 0.01864
0.50000 0.02845
0.51000 0.03335
0.52000 0.03335
0.53000 0.03041
0.54000 0.02551
0.55000 0.01275
0.56000 -0.00098
0.57000 -0.01275
0.58000 -0.01668
0.59000 -0.01570
0.60000 -0.01766
0.61000 -0.01766
0.62000 -0.01177
0.63000 -0.00196
0.64000 -0.00196
0.65000 -0.00883
0.66000 -0.01177
0.67000 -0.00687
0.68000 -0.00785
0.69000 -0.01472
0.70000 -0.02256
0.71000 -0.03924
0.72000 -0.04807
0.73000 -0.04513
0.74000 -0.03335
0.75000 -0.02060
0.76000 -0.01472
0.77000 -0.00589
0.78000 0.00687
0.79000 0.00589
0.80000 -0.01373
0.81000 -0.03237
0.82000 -0.04218
0.83000 -0.04218
0.84000 -0.03041
0.85000 0.00294
0.86000 0.03728
0.87000 0.05297
0.88000 0.04218
0.89000 0.01668
0.90000 -0.00883
0.91000 -0.02747
0.92000 -0.02943
0.93000 -0.00981
0.94000 0.00000
0.95000 -0.00491
0.96000 -0.02158
0.97000 -0.03237
0.98000 -0.04905
0.99000 -0.08044
1.00000 -0.09221
1.01000 -0.06278
1.02000 -0.02256
1.03000 0.00687
1.04000 0.04218
1.05000 0.07358
1.06000 0.08927
1.07000 0.08829
1.08000 0.07259
1.09000 0.02649
1.10000 -0.02943
1.11000 -0.08142
1.12000 -0.08142
1.13000 -0.03237
1.14000 -0.01570
1.15000 -0.03630
1.16000 -0.04316
1.17000 -0.02158
1.18000 -0.00491
1.19000 -0.00294
1.20000 -0.01275
1.21000 -0.00981
1.22000 -0.03532
1.23000 -0.07161
1.24000 -0.11674
1.25000 -0.12361
1.26000 -0.04414
1.27000 0.06965
1.28000 0.16481
1.29000 0.21484
1.30000 0.17364
1.31000 0.09123
1.32000 0.03434
1.33000 0.01668
1.34000 -0.00687
1.35000 -0.05788
1.36000 -0.12557
1.37000 -0.19228
1.38000 -0.18835
1.39000 -0.17364
1.40000 -0.15500
1.41000 -0.08044
1.42000 0.04120
1.43000 0.07161
1.44000 0.01275
1.45000 -0.03041
1.46000 0.00000
1.47000 0.10104
1.48000 0.19424
1.49000 0.24427
1.50000 0.26389
1.51000 0.24427
1.52000 0.15794
1.53000 0.06671
1.54000 0.01373
1.55000 -0.01668
1.56000 -0.08927
1.57000 -0.12753
1.58000 -0.07161
1.59000 0.02747
1.60000 0.09516
1.61000 0.12655
1.62000 0.15402
1.63000 0.15107
1.64000 0.07456
1.65000 0.00098
1.66000 0.01766
1.67000 0.05297
1.68000 -0.00589
1.69000 -0.09614
1.70000 -0.06769
1.71000 0.05494
1.72000 0.09516
1.73000 0.01373
1.74000 -0.06475
1.75000 -0.03041
1.76000 -0.00392
1.77000 -0.05690
1.78000 -0.10889
1.79000 -0.11085
1.80000 -0.04513
1.81000 0.04905
1.82000 0.10987
1.83000 0.13636
1.84000 0.11674
1.85000 0.02649
1.86000 -0.04120
1.87000 -0.00883
1.88000 0.07456
1.89000 0.13734
1.90000 0.12361
1.91000 0.09123
1.92000 0.03728
1.93000 -0.03728
1.94000 -0.10987
1.95000 -0.10006
1.96000 -0.04905
1.97000 -0.08535
1.98000 -0.19326
1.99000 -0.20993
2.00000 -0.08339
2.01000 0.05788
2.02000 0.17069
2.03000 0.27566
2.04000 0.33845
2.05000 0.35120
2.06000 0.32864
2.07000 0.26585
2.08000 0.17462
2.09000 0.08142
2.10000 0.03630
2.11000 0.07161
2.12000 0.15696
2.13000 0.20895
2.14000 0.26487
2.15000 0.36297
2.16000 0.43066
2.17000 0.39632
2.18000 0.33354
2.19000 0.34629
2.20000 0.38259
2.21000 0.38946
2.22000 0.32765
2.23000 0.18639
2.24000 0.06475
2.25000 0.02453
2.26000 -0.00491
2.27000 -0.01668
2.28000 -0.03237
2.29000 -0.06867
2.30000 -0.15304
2.31000 -0.21386
2.32000 -0.23250
2.33000 -0.20797
2.34000 -0.16873
2.35000 -0.20405
2.36000 -0.36101
2.37000 -0.59154
2.38000 -0.78578
2.39000 -0.86622
2.40000 -0.85838
2.41000 -0.83091
2.42000 -0.75635
2.43000 -0.49050
2.44000 -0.08633
2.45000 0.24427
2.46000 0.41791
2.47000 0.47873
2.48000 0.50031
2.49000 0.49148
2.50000 0.43066
2.51000 0.25604
2.52000 0.01079
2.53000 -0.27174
2.54000 -0.50521
2.55000 -0.64157
2.56000 -0.71711
2.57000 -0.73379
2.58000 -0.63471
2.59000 -0.44145
2.60000 -0.24231
2.61000 -0.09418
2.62000 0.05003
2.63000 0.25604
2.64000 0.40613
2.65000 0.42870
2.66000 0.41791
2.67000 0.46990
2.68000 0.62588
2.69000 0.79069
2.70000 0.83974
2.71000 0.73869
2.72000 0.45518
2.73000 0.11674
2.74000 -0.06377
2.75000 -0.06573
2.76000 -0.10497
2.77000 -0.33256
2.78000 -0.68081
2.79000 -1.05458
2.80000 -1.34986
2.81000 -1.43030
2.82000 -1.28805
2.83000 -1.08989
2.84000 -0.93195
2.85000 -0.75047
2.86000 -0.41693
2.87000 0.00000
2.88000 0.30313
2.89000 0.35905
2.90000 0.41987
2.91000 0.49344
2.92000 0.44734
2.93000 0.24623
2.94000 -0.00491
2.95000 -0.29332
2.96000 -0.56015
2.97000 -0.66806
2.98000 -0.68964
2.99000 -0.69455
3.00000 -0.66904
3.01000 -0.65433
3.02000 -0.67002
3.03000 -0.68474
3.04000 -0.58762
3.05000 -0.40417
3.06000 -0.25604
3.07000 -0.20699
3.08000 -0.27664
3.09000 -0.40712
3.10000 -0.54053
3.11000 -0.60430
3.12000 -0.50620
3.13000 -0.21091
3.14000 0.22955
3.15000 0.70632
3.16000 1.10264
3.17000 1.36555
3.18000 1.43520
3.19000 1.28119
3.20000 1.04967
3.21000 0.88977
3.22000 0.80638
3.23000 0.70436
3.24000 0.54347
3.25000 0.37670
3.26000 0.27664
3.27000 0.34727
3.28000 0.47382
3.29000 0.53465
3.30000 0.51797
3.31000 0.55623
3.32000 0.58468
3.33000 0.49933
3.34000 0.48461
3.35000 0.58566
3.36000 0.60135
3.37000 0.38651
3.38000 -0.04611
3.39000 -0.50423
3.40000 -0.88781
3.41000 -1.20957
3.42000 -1.45777
3.43000 -1.53527
3.44000 -1.45679
3.45000 -1.44207
3.46000 -1.51466
3.47000 -1.37536
3.48000 -0.79461
3.49000 0.05003
3.50000 0.89860
3.51000 1.67849
3.52000 2.23962
3.53000 2.54962
3.54000 2.61731
3.55000 2.49861
3.56000 2.27396
3.57000 1.94729
3.58000 1.60099
3.59000 1.21154
3.60000 0.77499
3.61000 0.31883
3.62000 -0.05396
3.63000 -0.30313
3.64000 -0.41791
3.65000 -0.31392
3.66000 -0.06180
3.67000 0.09123
3.68000 0.01177
3.69000 -0.17854
3.70000 -0.41202
3.71000 -0.70632
3.72000 -0.93587
3.73000 -1.05359
3.74000 -1.16641
3.75000 -1.27236
3.76000 -1.14777
3.77000 -0.72594
3.78000 -0.24525
3.79000 0.16873
3.80000 0.55230
3.81000 0.85445
3.82000 1.10951
3.83000 1.21546
3.84000 1.24783
3.85000 1.18897
3.86000 0.93489
3.87000 0.64550
3.88000 0.32765
3.89000 0.05690
3.90000 -0.25506
3.91000 -0.57192
3.92000 -0.76910
3.93000 -0.74262
3.94000 -0.67983
3.95000 -0.85053
3.96000 -0.98394
3.97000 -0.81325
3.98000 -0.51012
3.99000 -0.31686
4.00000 -0.09810
4.01000 0.17560
4.02000 0.41594
4.03000 0.53563
4.04000 0.55623
4.05000 0.57683
4.06000 0.61803
4.07000 0.64452
4.08000 0.68964
4.09000 0.68180
4.10000 0.61018
4.11000 0.50816
4.12000 0.50521
4.13000 0.66708
4.14000 0.83189
4.15000 0.88290
4.16000 0.82208
4.17000 0.68376
4.18000 0.46107
4.19000 0.13440
4.20000 -0.29724
4.21000 -0.76028
4.22000 -1.18211
4.23000 -1.52644
4.24000 -1.79032
4.25000 -1.91393
4.26000 -1.69124
4.27000 -1.10461
4.28000 -0.42870
4.29000 0.17266
4.30000 0.46892
4.31000 0.60920
4.32000 0.64942
4.33000 0.48952
4.34000 0.14421
4.35000 -0.18737
4.36000 -0.46696
4.37000 -0.69357
4.38000 -0.73673
4.39000 -0.60233
4.40000 -0.48952
4.41000 -0.48854
4.42000 -0.57192
4.43000 -0.60332
4.44000 -0.58958
4.45000 -0.60822
4.46000 -0.64648
4.47000 -0.72692
4.48000 -0.82404
4.49000 -0.88682
4.50000 -0.67002
4.51000 -0.23838
4.52000 0.22073
4.53000 0.53465
4.54000 0.83189
4.55000 1.06144
4.56000 1.12030
4.57000 1.04673
4.58000 0.97904
4.59000 0.86818
4.60000 0.54544
4.61000 -0.11282
4.62000 -0.92116
4.63000 -1.56077
4.64000 -1.84722
4.65000 -1.80798
4.66000 -1.63238
4.67000 -1.38615
4.68000 -0.92116
4.69000 -0.29626
4.70000 0.15500
4.71000 0.29332
4.72000 0.23642
4.73000 0.12066
4.74000 -0.01668
4.75000 -0.27272
4.76000 -0.68768
4.77000 -1.21840
4.78000 -1.67849
4.79000 -1.67162
4.80000 -1.39498
4.81000 -1.17916
4.82000 -1.07420
4.83000 -0.85838
4.84000 -0.43851
4.85000 -0.00981
4.86000 0.21876
4.87000 0.28253
4.88000 0.33158
4.89000 0.28351
4.90000 0.09516
4.91000 -0.22857
4.92000 -0.51012
4.93000 -0.66218
4.94000 -0.81521
4.95000 -0.99866
4.96000 -1.18407
4.97000 -1.27138
4.98000 -1.22233
4.99000 -1.11736
5.00000 -1.04378
5.01000 -0.96040
5.02000 -0.55917
5.03000 0.13930
5.04000 0.81227
5.05000 1.41558
5.06000 1.96298
5.07000 2.34851
5.08000 2.57414
5.09000 2.61338
5.10000 2.46427
5.11000 2.15231
5.12000 1.71773
5.13000 1.17720
5.14000 0.61803
5.15000 0.19914
5.16000 -0.00491
5.17000 -0.03139
5.18000 -0.01864
5.19000 -0.14519
5.20000 -0.28547
5.21000 -0.31294
5.22000 -0.33943
5.23000 -0.51797
5.24000 -0.78284
5.25000 -1.05850
5.26000 -1.37634
5.27000 -1.63729
5.28000 -1.70596
5.29000 -1.56077
5.30000 -1.12325
5.31000 -0.43851
5.32000 0.29724
5.33000 0.91233
5.34000 1.31356
5.35000 1.44501
5.36000 1.32435
5.37000 0.89565
5.38000 0.27664
5.39000 -0.37768
5.40000 -0.89663
5.41000 -1.17818
5.42000 -1.17818
5.43000 -0.96138
5.44000 -0.65040
5.45000 -0.30215
5.46000 0.20993
5.47000 0.90743
5.48000 1.69026
5.49000 2.26905
5.50000 2.53589
5.51000 2.57709
5.52000 2.52411
5.53000 2.49665
5.54000 2.46721
5.55000 2.25238
5.56000 1.95121
5.57000 1.66378
5.58000 1.36065
5.59000 1.11049
5.60000 0.97610
5.61000 0.96629
5.62000 0.96923
5.63000 0.92803
5.64000 0.89762
5.65000 0.78284
5.66000 0.58075
5.67000 0.43360
5.68000 0.33550
5.69000 0.23054
5.70000 0.09123
5.71000 0.06377
5.72000 0.20601
5.73000 0.38063
5.74000 0.64256
5.75000 1.12423
5.76000 1.48818
5.77000 1.60688
5.78000 1.45384
5.79000 1.16739
5.80000 0.86720
5.81000 0.62784
5.82000 0.38161
5.83000 0.15402
5.84000 0.00392
5.85000 -0.15206
5.86000 -0.29332
5.87000 -0.52189
5.88000 -0.72790
5.89000 -0.69749
5.90000 -0.48952
5.91000 -0.40515
5.92000 -0.60233
5.93000 -0.99473
5.94000 -1.23410
5.95000 -1.19682
5.96000 -1.10461
5.97000 -1.23508
5.98000 -1.62552
5.99000 -1.85605
6.00000 -1.59805
6.01000 -1.09087
6.02000 -0.63078
6.03000 -0.28351
6.04000 -0.03728
6.05000 0.05101
6.06000 -0.00294
6.07000 -0.10595
6.08000 -0.23054
6.09000 -0.40025
6.10000 -0.58468
6.11000 -0.74654
6.12000 -0.80834
6.13000 -0.76224
6.14000 -0.73379
6.15000 -0.83189
6.16000 -1.00945
6.17000 -1.04869
6.18000 -0.84955
6.19000 -0.68376
6.20000 -0.71221
6.21000 -0.72103
6.22000 -0.57781
6.23000 -0.41496
6.24000 -0.41202
6.25000 -0.51208
6.26000 -0.53072
6.27000 -0.42870
6.28000 -0.27076
6.29000 -0.18639
6.30000 -0.26978
6.31000 -0.43360
6.32000 -0.54544
6.33000 -0.67689
6.34000 -0.85347
6.35000 -0.95648
6.36000 -0.87996
6.37000 -0.73084
6.38000 -0.67199
6.39000 -0.63078
6.40000 -0.50718
6.41000 -0.28351
6.42000 -0.02256
6.43000 0.20503
6.44000 0.41006
6.45000 0.61999
6.46000 0.72986
6.47000 0.62588
6.48000 0.26879
6.49000 -0.21091
6.50000 -0.72496
6.51000 -1.03594
6.52000 -1.02711
6.53000 -0.80638
6.54000 -0.50521
6.55000 -0.22269
6.56000 -0.01962
6.57000 0.11085
6.58000 0.20699
6.59000 0.34237
6.60000 0.47873
6.61000 0.54249
6.62000 0.47873
6.63000 0.28449
6.64000 0.00785
6.65000 -0.24035
6.66000 -0.42968
6.67000 -0.61214
6.68000 -0.77793
6.69000 -0.84170
6.70000 -0.85151
6.71000 -0.83091
6.72000 -0.77009
6.73000 -0.71809
6.74000 -0.70142
6.75000 -0.70534
6.76000 -0.72986
6.77000 -0.73379
6.78000 -0.68081
6.79000 -0.60037
6.80000 -0.56604
6.81000 -0.62882
6.82000 -0.70043
6.83000 -0.69749
6.84000 -0.53366
6.85000 -0.14519
6.86000 0.43851
6.87000 1.07321
6.88000 1.58235
6.89000 1.96396
6.90000 2.37402
6.91000 2.84392
6.92000 3.25103
6.93000 3.38151
6.94000 3.16765
6.95000 2.78408
6.96000 2.37010
6.97000 1.95023
6.98000 1.41558
6.99000 0.77499
7.00000 0.10987
7.01000 -0.50423
7.02000 -1.02024
7.03000 -1.36359
7.04000 -1.64023
7.05000 -2.02871
7.06000 -2.40051
7.07000 -2.35636
7.08000 -1.95121
7.09000 -1.48327
7.10000 -1.12913
7.11000 -0.90154
7.12000 -0.75047
7.13000 -0.62195
7.14000 -0.60724
7.15000 -0.65335
7.16000 -0.58173
7.17000 -0.48658
7.18000 -0.46303
7.19000 -0.48854
7.20000 -0.38357
7.21000 -0.11870
7.22000 0.20993
7.23000 0.50816
7.24000 0.74948
7.25000 0.98394
7.26000 1.28413
7.27000 1.63238
7.28000 1.96494
7.29000 2.24060
7.30000 2.30633
7.31000 2.15624
7.32000 1.77855
7.33000 1.25568
7.34000 0.83483
7.35000 0.68081
7.36000 0.77793
7.37000 0.88977
7.38000 0.93980
7.39000 0.92312
7.40000 0.86426
7.41000 0.79461
7.42000 0.56996
7.43000 0.33354
7.44000 0.26781
7.45000 0.32275
7.46000 0.23838
7.47000 -0.05592
7.48000 -0.39534
7.49000 -0.58369
7.50000 -0.59547
7.51000 -0.42281
7.52000 -0.05592
7.53000 0.37474
7.54000 0.71024
7.55000 0.90350
7.56000 1.02220
7.57000 1.10755
7.58000 1.15464
7.59000 1.14973
7.60000 1.05556
7.61000 0.87701
7.62000 0.64648
7.63000 0.44636
7.64000 0.35512
7.65000 0.40221
7.66000 0.49933
7.67000 0.55525
7.68000 0.48952
7.69000 0.33354
7.70000 0.13047
7.71000 -0.09712
7.72000 -0.33943
7.73000 -0.65138
7.74000 -1.00258
7.75000 -1.20957
7.76000 -1.17622
7.77000 -0.95648
7.78000 -0.63176
7.79000 -0.30509
7.80000 -0.11085
7.81000 -0.07259
7.82000 -0.18737
7.83000 -0.27370
7.84000 -0.29038
7.85000 -0.33943
7.86000 -0.45715
7.87000 -0.49148
7.88000 -0.39829
7.89000 -0.27762
7.90000 -0.11772
7.91000 0.20307
7.92000 0.61509
7.93000 0.93195
7.94000 1.10068
7.95000 1.16935
7.96000 1.22821
7.97000 1.22233
7.98000 1.10559
7.99000 0.86426
8.00000 0.51699
8.01000 0.07259
8.02000 -0.52582
8.03000 -1.29100
8.04000 -2.04146
8.05000 -2.47310
8.06000 -2.56630
8.07000 -2.44760
8.08000 -2.34655
8.09000 -2.35734
8.10000 -2.33576
8.11000 -2.09345
8.12000 -1.69713
8.13000 -1.34691
8.14000 -1.09970
8.15000 -0.90252
8.16000 -0.71221
8.17000 -0.58468
8.18000 -0.56898
8.19000 -0.63176
8.20000 -0.68768
8.21000 -0.78480
8.22000 -0.88192
8.23000 -0.91527
8.24000 -0.82502
8.25000 -0.63471
8.26000 -0.42281
8.27000 -0.22171
8.28000 -0.04316
8.29000 0.07554
8.30000 0.12753
8.31000 0.12557
8.32000 0.06475
8.33000 -0.06082
8.34000 -0.27762
8.35000 -0.57879
8.36000 -0.92705
8.37000 -1.25274
8.38000 -1.41460
8.39000 -1.37046
8.40000 -1.22331
8.41000 -1.02613
8.42000 -0.82110
8.43000 -0.63275
8.44000 -0.42575
8.45000 -0.25114
8.46000 -0.16383
8.47000 -0.13047
8.48000 -0.04414
8.49000 0.03924
8.50000 0.06769
8.51000 0.11380
8.52000 0.23348
8.53000 0.33256
8.54000 0.37867
8.55000 0.45322
8.56000 0.62980
8.57000 0.92116
8.58000 1.22919
8.59000 1.42735
8.60000 1.45875
8.61000 1.33220
8.62000 1.07223
8.63000 0.72202
8.64000 0.41006
8.65000 0.29038
8.66000 0.36199
8.67000 0.53465
8.68000 0.83287
8.69000 1.16150
8.70000 1.41362
8.71000 1.52644
8.72000 1.51859
8.73000 1.39204
8.74000 1.09382
8.75000 0.55525
8.76000 -0.01668
8.77000 -0.49442
8.78000 -0.84170
8.79000 -1.03005
8.80000 -0.92803
8.81000 -0.40810
8.82000 0.41987
8.83000 1.36751
8.84000 2.15820
8.85000 2.48978
8.86000 2.36127
8.87000 2.17782
8.88000 2.07383
8.89000 1.93649
8.90000 1.61865
8.91000 1.14581
8.92000 0.51404
8.93000 -0.20797
8.94000 -0.86524
8.95000 -1.15169
8.96000 -1.08401
8.97000 -0.88682
8.98000 -0.58173
8.99000 -0.08927
9.00000 0.42575
9.01000 0.74850
9.02000 0.84072
9.03000 0.79952
9.04000 0.80638
9.05000 0.84170
9.06000 0.78971
9.07000 0.70142
9.08000 0.61999
9.09000 0.55034
9.10000 0.53072
9.11000 0.57487
9.12000 0.60724
9.13000 0.51993
9.14000 0.29528
9.15000 0.01570
9.16000 -0.19816
9.17000 -0.26585
9.18000 -0.12655
9.19000 0.17462
9.20000 0.47971
9.21000 0.65531
9.22000 0.67983
9.23000 0.63373
9.24000 0.45911
9.25000 0.08731
9.26000 -0.40319
9.27000 -0.89762
9.28000 -1.33318
9.29000 -1.65397
9.30000 -1.74912
9.31000 -1.60884
9.32000 -1.29688
9.33000 -0.98885
9.34000 -0.76714
9.35000 -0.56211
9.36000 -0.37376
9.37000 -0.26879
9.38000 -0.31000
9.39000 -0.45420
9.40000 -0.64844
9.41000 -0.82208
9.42000 -1.02809
9.43000 -1.29983
9.44000 -1.46463
9.45000 -1.43618
9.46000 -1.30669
9.47000 -1.16837
9.48000 -0.99866
9.49000 -0.81031
9.50000 -0.66806
9.51000 -0.53661
9.52000 -0.35512
9.53000 -0.06573
9.54000 0.26389
9.55000 0.51208
9.56000 0.53465
9.57000 0.37670
9.58000 0.11380
9.59000 -0.16187
9.60000 -0.30509
9.61000 -0.30117
9.62000 -0.25408
9.63000 -0.20797
9.64000 -0.10104
9.65000 0.13440
9.66000 0.43164
9.67000 0.73575
9.68000 1.07027
9.69000 1.43422
9.70000 1.76384
9.71000 1.86292
9.72000 1.72656
9.73000 1.41656
9.74000 0.95746
9.75000 0.37082
9.76000 -0.28155
9.77000 -0.84660
9.78000 -1.21742
9.79000 -1.47444
9.80000 -1.77659
9.81000 -1.82760
9.82000 -1.34103
9.83000 -0.47186
9.84000 0.45518
9.85000 1.35770
9.86000 2.09051
9.87000 2.49468
9.88000 2.54373
9.89000 2.21902
9.90000 1.59609
9.91000 0.87407
9.92000 0.13734
9.93000 -0.51699
9.94000 -0.96334
9.95000 -1.03790
9.96000 -0.75439
9.97000 -0.25408
9.98000 0.26193
9.99000 0.62097
10.00000 0.82698
10.01000 0.91429
10.02000 0.87015
10.03000 0.64844
10.04000 0.24721
10.05000 -0.22661
10.06000 -0.61607
10.07000 -0.90644
10.08000 -1.15562
10.09000 -1.45090
10.10000 -1.76874
10.11000 -2.06402
10.12000 -2.27102
10.13000 -2.31320
10.14000 -2.11111
10.15000 -1.75109
10.16000 -1.32729
10.17000 -0.86034
10.18000 -0.34629
10.19000 0.16285
10.20000 0.61411
10.21000 0.99964
10.22000 1.33416
10.23000 1.55587
10.24000 1.60982
10.25000 1.51565
10.26000 1.30473
10.27000 1.01337
10.28000 0.76616
10.29000 0.64844
10.30000 0.61411
10.31000 0.60037
10.32000 0.53072
10.33000 0.42673
10.34000 0.30705
10.35000 0.17364
10.36000 -0.01864
10.37000 -0.27076
10.38000 -0.55525
10.39000 -0.81815
10.40000 -0.99768
10.41000 -1.09382
10.42000 -1.13894
10.43000 -1.16543
10.44000 -1.19976
10.45000 -1.12226
10.46000 -0.82698
10.47000 -0.41693
10.48000 0.03728
10.49000 0.54347
10.50000 0.99277
10.51000 1.23704
10.52000 1.20663
10.53000 1.00651
10.54000 0.72692
10.55000 0.40025
10.56000 0.03728
10.57000 -0.31294
10.58000 -0.56604
10.59000 -0.65825
10.60000 -0.54249
10.61000 -0.26879
10.62000 0.01177
10.63000 0.19620
10.64000 0.28351
10.65000 0.28841
10.66000 0.25016
10.67000 0.17069
10.68000 0.01766
10.69000 -0.18835
10.70000 -0.38357
10.71000 -0.49148
10.72000 -0.50521
10.73000 -0.42477
10.74000 -0.27959
10.75000 -0.08142
10.76000 0.17952
10.77000 0.41791
10.78000 0.53170
10.79000 0.60037
10.80000 0.74458
10.81000 0.90939
10.82000 1.03594
10.83000 1.13600
10.84000 1.20172
10.85000 1.20957
10.86000 1.12226
10.87000 0.89860
10.88000 0.64059
10.89000 0.45028
10.90000 0.34629
10.91000 0.33550
10.92000 0.45518
10.93000 0.66904
10.94000 0.88781
10.95000 0.97904
10.96000 0.87015
10.97000 0.61803
10.98000 0.28155
10.99000 -0.08829
11.00000 -0.38750
11.01000 -0.55132
11.02000 -0.58468
11.03000 -0.56702
11.04000 -0.56506
11.05000 -0.60626
11.06000 -0.71711
11.07000 -0.89271
11.08000 -0.97021
11.09000 -0.78774
11.10000 -0.49442
11.11000 -0.26879
11.12000 -0.14715
11.13000 -0.07848
11.14000 -0.04709
11.15000 -0.04414
11.16000 -0.07652
11.17000 -0.16481
11.18000 -0.24133
11.19000 -0.27174
11.20000 -0.31883
11.21000 -0.43458
11.22000 -0.55917
11.23000 -0.63275
11.24000 -0.61214
11.25000 -0.45322
11.26000 -0.16285
11.27000 0.17854
11.28000 0.48069
11.29000 0.62686
11.30000 0.59547
11.31000 0.41693
11.32000 0.10693
11.33000 -0.22857
11.34000 -0.49442
11.35000 -0.68278
11.36000 -0.84464
11.37000 -0.97806
11.38000 -1.07518
11.39000 -1.16837
11.40000 -1.25666
11.41000 -1.33220
11.42000 -1.39498
11.43000 -1.42049
11.44000 -1.38223
11.45000 -1.29590
11.46000 -1.24783
11.47000 -1.25568
11.48000 -1.28805
11.49000 -1.36065
11.50000 -1.49406
11.51000 -1.63042
11.52000 -1.65495
11.53000 -1.51663
11.54000 -1.22429
11.55000 -0.84366
11.56000 -0.41398
11.57000 -0.01373
11.58000 0.34335
11.59000 0.63078
11.60000 0.83679
11.61000 0.94863
11.62000 0.96138
11.63000 0.91331
11.64000 0.76420
11.65000 0.54053
11.66000 0.27468
11.67000 -0.00883
11.68000 -0.21680
11.69000 -0.31000
11.70000 -0.33550
11.71000 -0.37768
11.72000 -0.46499
11.73000 -0.54544
11.74000 -0.55525
11.75000 -0.49050
11.76000 -0.44047
11.77000 -0.45617
11.78000 -0.45322
11.79000 -0.37867
11.80000 -0.25800
11.81000 -0.12361
11.82000 0.03826
11.83000 0.21876
11.84000 0.37867
11.85000 0.48363
11.86000 0.55427
11.87000 0.60724
11.88000 0.63863
11.89000 0.63569
11.90000 0.61313
11.91000 0.58860
11.92000 0.55721
11.93000 0.56113
11.94000 0.58369
11.95000 0.61607
11.96000 0.62980
11.97000 0.59841
11.98000 0.54936
11.99000 0.47579
12.00000 0.39240
12.01000 0.26193
12.02000 0.10889
12.03000 -0.00687
12.04000 -0.05494
12.05000 -0.08240
12.06000 -0.13047
12.07000 -0.17069
12.08000 -0.08437
12.09000 0.07848
12.10000 0.25604
12.11000 0.44930
12.12000 0.66021
12.13000 0.84758
12.14000 0.99572
12.15000 1.09185
12.16000 1.16837
12.17000 1.17916
12.18000 1.10363
12.19000 0.96727
12.20000 0.74850
12.21000 0.44734
12.22000 0.15206
12.23000 -0.03041
12.24000 -0.13832
12.25000 -0.26291
12.26000 -0.33256
12.27000 -0.21091
12.28000 -0.01373
12.29000 0.10399
12.30000 0.12655
12.31000 0.15500
12.32000 0.20012
12.33000 0.23152
12.34000 0.23544
12.35000 0.20895
12.36000 0.18149
12.37000 0.16677
12.38000 0.15794
12.39000 0.15206
12.40000 0.16088
12.41000 0.18835
12.42000 0.22955
12.43000 0.29430
12.44000 0.36101
12.45000 0.40319
12.46000 0.39142
12.47000 0.32471
12.48000 0.26585
12.49000 0.24525
12.50000 0.25016
12.51000 0.21974
12.52000 0.15009
12.53000 0.06965
12.54000 -0.05788
12.55000 -0.24035
12.56000 -0.40810
12.57000 -0.47579
12.58000 -0.48363
12.59000 -0.50227
12.60000 -0.59252
12.61000 -0.71417
12.62000 -0.77891
12.63000 -0.78578
12.64000 -0.76812
12.65000 -0.64844
12.66000 -0.36493
12.67000 -0.02453
12.68000 0.23740
12.69000 0.39338
12.70000 0.40417
12.71000 0.29430
12.72000 0.19424
12.73000 0.16873
12.74000 0.21386
12.75000 0.29724
12.76000 0.41104
12.77000 0.53759
12.78000 0.60430
12.79000 0.56996
12.80000 0.46401
12.81000 0.33158
12.82000 0.25212
12.83000 0.18835
12.84000 0.06769
12.85000 -0.06278
12.86000 -0.12263
12.87000 -0.10791
12.88000 -0.12949
12.89000 -0.25800
12.90000 -0.40319
12.91000 -0.47480
12.92000 -0.49050
12.93000 -0.52484
12.94000 -0.59645
12.95000 -0.65727
12.96000 -0.70240
12.97000 -0.73967
12.98000 -0.75537
12.99000 -0.71417
13.00000 -0.58468
13.01000 -0.41594
13.02000 -0.21288
13.03000 0.01079
13.04000 0.21582
13.05000 0.29921
13.06000 0.25408
13.07000 0.18149
13.08000 0.14421
13.09000 0.12949
13.10000 0.09614
13.11000 0.02158
13.12000 -0.10889
13.13000 -0.27468
13.14000 -0.42575
13.15000 -0.52189
13.16000 -0.59547
13.17000 -0.67493
13.18000 -0.74262
13.19000 -0.74752
13.20000 -0.69357
13.21000 -0.61607
13.22000 -0.55819
13.23000 -0.52091
13.24000 -0.50129
13.25000 -0.49344
13.26000 -0.48069
13.27000 -0.44930
13.28000 -0.42085
13.29000 -0.41398
13.30000 -0.43066
13.31000 -0.44832
13.32000 -0.43655
13.33000 -0.42379
13.34000 -0.44047
13.35000 -0.48560
13.36000 -0.54249
13.37000 -0.58958
13.38000 -0.56408
13.39000 -0.42477
13.40000 -0.24623
13.41000 -0.12164
13.42000 -0.05788
13.43000 -0.00687
13.44000 0.02747
13.45000 0.02256
13.46000 0.00098
13.47000 -0.00883
13.48000 0.01373
13.49000 0.05690
13.50000 0.10595
13.51000 0.16579
13.52000 0.21484
13.53000 0.23446
13.54000 0.24721
13.55000 0.27370
13.56000 0.27370
13.57000 0.21091
13.58000 0.09221
13.59000 -0.01275
13.60000 -0.03924
13.61000 0.00491
13.62000 0.06769
13.63000 0.11478
13.64000 0.18443
13.65000 0.28645
13.66000 0.38750
13.67000 0.46009
13.68000 0.47284
13.69000 0.41791
13.70000 0.32864
13.71000 0.26781
13.72000 0.28547
13.73000 0.37867
13.74000 0.49344
13.75000 0.62882
13.76000 0.78676
13.77000 0.94667
13.78000 1.07027
13.79000 1.15071
13.80000 1.20565
13.81000 1.25960
13.82000 1.30277
13.83000 1.33514
13.84000 1.37242
13.85000 1.38125
13.86000 1.29983
13.87000 1.11834
13.88000 0.88977
13.89000 0.66316
13.90000 0.45911
13.91000 0.31588
13.92000 0.28057
13.93000 0.30509
13.94000 0.36984
13.95000 0.45322
13.96000 0.49639
13.97000 0.48658
13.98000 0.43655
13.99000 0.36003
14.00000 0.28841
14.01000 0.25898
14.02000 0.24035
14.03000 0.14813
14.04000 -0.03630
14.05000 -0.23838
14.06000 -0.37965
14.07000 -0.46598
14.08000 -0.49050
14.09000 -0.41693
14.10000 -0.24819
14.11000 -0.01766
14.12000 0.22367
14.13000 0.41987
14.14000 0.52385
14.15000 0.54249
14.16000 0.51797
14.17000 0.47382
14.18000 0.43164
14.19000 0.36101
14.20000 0.25800
14.21000 0.11576
14.22000 -0.05690
14.23000 -0.22661
14.24000 -0.38357
14.25000 -0.49933
14.26000 -0.58075
14.27000 -0.63569
14.28000 -0.67787
14.29000 -0.67297
14.30000 -0.60233
14.31000 -0.51306
14.32000 -0.44930
14.33000 -0.41496
14.34000 -0.39240
14.35000 -0.39632
14.36000 -0.44832
14.37000 -0.51208
14.38000 -0.53661
14.39000 -0.53268
14.40000 -0.49050
14.41000 -0.38750
14.42000 -0.23446
14.43000 -0.05984
14.44000 0.09712
14.45000 0.18639
14.46000 0.21778
14.47000 0.22661
14.48000 0.22171
14.49000 0.22073
14.50000 0.21386
14.51000 0.17168
14.52000 0.05199
14.53000 -0.11478
14.54000 -0.24427
14.55000 -0.26879
14.56000 -0.17756
14.57000 -0.05690
14.58000 -0.00491
14.59000 -0.02845
14.60000 -0.10987
14.61000 -0.19228
14.62000 -0.23250
14.63000 -0.20307
14.64000 -0.10595
14.65000 0.03826
14.66000 0.18835
14.67000 0.29332
14.68000 0.33452
14.69000 0.33845
14.70000 0.31294
14.71000 0.22171
14.72000 0.09221
14.73000 -0.03924
14.74000 -0.15402
14.75000 -0.24623
14.76000 -0.29921
14.77000 -0.31490
14.78000 -0.31392
14.79000 -0.27762
14.80000 -0.18443
14.81000 -0.06769
14.82000 -0.00294
14.83000 -0.02845
14.84000 -0.12851
14.85000 -0.27959
14.86000 -0.39632
14.87000 -0.42477
14.88000 -0.36788
14.89000 -0.31098
14.90000 -0.28841
14.91000 -0.23544
14.92000 -0.15990
14.93000 -0.09418
14.94000 -0.05297
14.95000 -0.01962
14.96000 0.00294
14.97000 -0.01570
14.98000 -0.05003
14.99000 -0.04709
15.00000 -0.00687
15.01000 0.01177
15.02000 -0.04414
15.03000 -0.12949
15.04000 -0.18639
15.05000 -0.20111
15.06000 -0.20012
15.07000 -0.22073
15.08000 -0.27566
15.09000 -0.37278
15.10000 -0.46107
15.11000 -0.49246
15.12000 -0.48952
15.13000 -0.43851
15.14000 -0.29822
15.15000 -0.08142
15.16000 0.13538
15.17000 0.29921
15.18000 0.40319
15.19000 0.45126
15.20000 0.46009
15.21000 0.46009
15.22000 0.46009
15.23000 0.44243
15.24000 0.41300
15.25000 0.39534
15.26000 0.39534
15.27000 0.40025
15.28000 0.42085
15.29000 0.42477
15.30000 0.38357
15.31000 0.30803
15.32000 0.25604
15.33000 0.22955
15.34000 0.20503
15.35000 0.17560
15.36000 0.16775
15.37000 0.16383
15.38000 0.13734
15.39000 0.11380
15.40000 0.12655
15.41000 0.17168
15.42000 0.22563
15.43000 0.27174
15.44000 0.30705
15.45000 0.32275
15.46000 0.31392
15.47000 0.26487
15.48000 0.17069
15.49000 0.07259
15.50000 0.00981
15.51000 -0.01472
15.52000 -0.03630
15.53000 -0.07161
15.54000 -0.10399
15.55000 -0.12557
15.56000 -0.14126
15.57000 -0.14225
15.58000 -0.10693
15.59000 -0.05690
15.60000 -0.01275
15.61000 0.03532
15.62000 0.08927
15.63000 0.11085
15.64000 0.08339
15.65000 0.05690
15.66000 0.06867
15.67000 0.06475
15.68000 0.03924
15.69000 0.05297
15.70000 0.11183
15.71000 0.13440
15.72000 0.06671
15.73000 -0.03826
15.74000 -0.11282
15.75000 -0.12851
15.76000 -0.12066
15.77000 -0.10987
15.78000 -0.06965
15.79000 0.01668
15.80000 0.12753
15.81000 0.21190
15.82000 0.25506
15.83000 0.29430
15.84000 0.34041
15.85000 0.37965
15.86000 0.38357
15.87000 0.33452
15.88000 0.26095
15.89000 0.20699
15.90000 0.15107
15.91000 0.06082
15.92000 -0.03237
15.93000 -0.03434
15.94000 0.01275
15.95000 0.03434
15.96000 0.05003
15.97000 0.11380
15.98000 0.19326
15.99000 0.22857
16.00000 0.23740
16.01000 0.25114
16.02000 0.25114
16.03000 0.22955
16.04000 0.20111
16.05000 0.14813
16.06000 0.04709
16.07000 -0.05690
16.08000 -0.11576
16.09000 -0.13342
16.10000 -0.13930
16.11000 -0.15696
16.12000 -0.18345
16.13000 -0.20307
16.14000 -0.21778
16.15000 -0.24721
16.16000 -0.28253
16.17000 -0.31294
16.18000 -0.34139
16.19000 -0.37670
16.20000 -0.42870
16.21000 -0.47186
16.22000 -0.48461
16.23000 -0.45518
16.24000 -0.40123
16.25000 -0.35414
16.26000 -0.34041
16.27000 -0.36395
16.28000 -0.40319
16.29000 -0.45322
16.30000 -0.51993
16.31000 -0.57290
16.32000 -0.58762
16.33000 -0.56898
16.34000 -0.55230
16.35000 -0.52778
16.36000 -0.44734
16.37000 -0.33354
16.38000 -0.22857
16.39000 -0.16383
16.40000 -0.13244
16.41000 -0.12164
16.42000 -0.13244
16.43000 -0.16775
16.44000 -0.21484
16.45000 -0.26585
16.46000 -0.31588
16.47000 -0.37867
16.48000 -0.45813
16.49000 -0.54544
16.50000 -0.59351
16.51000 -0.57389
16.52000 -0.52484
16.53000 -0.49442
16.54000 -0.48265
16.55000 -0.42183
16.56000 -0.30902
16.57000 -0.20405
16.58000 -0.10889
16.59000 -0.02845
16.60000 -0.00000
16.61000 -0.01177
16.62000 -0.00883
16.63000 0.03041
16.64000 0.06671
16.65000 0.07652
16.66000 0.07259
16.67000 0.06377
16.68000 0.06769
16.69000 0.12066
16.70000 0.23544
16.71000 0.37474
16.72000 0.49246
16.73000 0.56015
16.74000 0.56604
16.75000 0.51306
16.76000 0.43556
16.77000 0.33943
16.78000 0.24819
16.79000 0.16775
16.80000 0.12753
16.81000 0.14126
16.82000 0.20699
16.83000 0.28547
16.84000 0.32765
16.85000 0.36297
16.86000 0.41594
16.87000 0.46107
16.88000 0.48756
16.89000 0.50129
16.90000 0.50521
16.91000 0.49639
16.92000 0.48854
16.93000 0.46794
16.94000 0.41300
16.95000 0.34825
16.96000 0.28940
16.97000 0.26389
16.98000 0.27566
16.99000 0.33354
17.00000 0.42379
17.01000 0.49050
17.02000 0.50423
17.03000 0.48167
17.04000 0.45911
17.05000 0.41202
17.06000 0.32079
17.07000 0.21190
17.08000 0.09810
17.09000 0.01275
17.10000 -0.03924
17.11000 -0.07750
17.12000 -0.09221
17.13000 -0.05199
17.14000 0.03924
17.15000 0.13047
17.16000 0.19228
17.17000 0.24035
17.18000 0.24917
17.19000 0.18345
17.20000 0.08633
17.21000 0.01668
17.22000 -0.01177
17.23000 -0.02158
17.24000 -0.01864
17.25000 0.00589
17.26000 0.03826
17.27000 0.06082
17.28000 0.05788
17.29000 0.02551
17.30000 0.00491
17.31000 0.00294
17.32000 0.00491
17.33000 -0.00098
17.34000 0.00491
17.35000 -0.00098
17.36000 -0.05984
17.37000 -0.14911
17.38000 -0.20503
17.39000 -0.20012
17.40000 -0.16285
17.41000 -0.10301
17.42000 -0.02551
17.43000 0.01766
17.44000 -0.02256
17.45000 -0.11772
17.46000 -0.20111
17.47000 -0.25604
17.48000 -0.28645
17.49000 -0.29724
17.50000 -0.29921
17.51000 -0.29626
17.52000 -0.29528
17.53000 -0.29626
17.54000 -0.29822
17.55000 -0.29724
17.56000 -0.30313
17.57000 -0.30215
17.58000 -0.29626
17.59000 -0.30803
17.60000 -0.34041
17.61000 -0.38161
17.62000 -0.41398
17.63000 -0.43164
17.64000 -0.42968
17.65000 -0.43753
17.66000 -0.47775
17.67000 -0.54936
17.68000 -0.62195
17.69000 -0.67493
17.70000 -0.68866
17.71000 -0.66021
17.72000 -0.58860
17.73000 -0.48069
17.74000 -0.37572
17.75000 -0.29234
17.76000 -0.23544
17.77000 -0.19326
17.78000 -0.16677
17.79000 -0.14715
17.80000 -0.13145
17.81000 -0.12459
17.82000 -0.11674
17.83000 -0.09712
17.84000 -0.06965
17.85000 -0.03630
17.86000 0.03826
17.87000 0.14715
17.88000 0.25114
17.89000 0.29332
17.90000 0.26291
17.91000 0.18345
17.92000 0.10006
17.93000 0.03826
17.94000 -0.00392
17.95000 -0.02551
17.96000 -0.03237
17.97000 -0.00883
17.98000 0.08240
17.99000 0.23446
18.00000 0.37965
18.01000 0.47186
18.02000 0.51502
18.03000 0.54544
18.04000 0.54936
18.05000 0.51797
18.06000 0.47186
18.07000 0.44636
18.08000 0.45028
18.09000 0.46205
18.10000 0.45420
18.11000 0.42085
18.12000 0.38161
18.13000 0.34041
18.14000 0.29038
18.15000 0.25212
18.16000 0.22171
18.17000 0.17854
18.18000 0.13636
18.19000 0.12164
18.20000 0.13636
18.21000 0.15696
18.22000 0.17560
18.23000 0.18247
18.24000 0.15402
18.25000 0.07848
18.26000 -0.01275
18.27000 -0.09516
18.28000 -0.14617
18.29000 -0.16971
18.30000 -0.18639
18.31000 -0.20601
18.32000 -0.19914
18.33000 -0.15598
18.34000 -0.10104
18.35000 -0.03826
18.36000 0.02551
18.37000 0.06180
18.38000 0.05690
18.39000 0.02060
18.40000 0.00589
18.41000 0.04022
18.42000 0.08437
18.43000 0.07456
18.44000 -0.00196
18.45000 -0.11282
18.46000 -0.23250
18.47000 -0.33452
18.48000 -0.39142
18.49000 -0.39731
18.50000 -0.36395
18.51000 -0.28351
18.52000 -0.17462
18.53000 -0.09810
18.54000 -0.06965
18.55000 -0.05984
18.56000 -0.04316
18.57000 -0.05690
18.58000 -0.10497
18.59000 -0.15696
18.60000 -0.18443
18.61000 -0.16677
18.62000 -0.10889
18.63000 -0.02649
18.64000 0.04022
18.65000 0.09123
18.66000 0.14421
18.67000 0.18835
18.68000 0.21484
18.69000 0.22269
18.70000 0.22563
18.71000 0.23446
18.72000 0.23740
18.73000 0.23152
18.74000 0.20699
18.75000 0.14225
18.76000 0.05396
18.77000 -0.02747
18.78000 -0.08437
18.79000 -0.13342
18.80000 -0.18639
18.81000 -0.22171
18.82000 -0.20699
18.83000 -0.14323
18.84000 -0.08044
18.85000 -0.05984
18.86000 -0.06573
18.87000 -0.09320
18.88000 -0.13047
18.89000 -0.17069
18.90000 -0.20209
18.91000 -0.22563
18.92000 -0.23838
18.93000 -0.23936
18.94000 -0.23348
18.95000 -0.20895
18.96000 -0.15990
18.97000 -0.10104
18.98000 -0.06082
18.99000 -0.02354
19.00000 0.02747
19.01000 0.06278
19.02000 0.05199
19.03000 0.00589
19.04000 -0.03139
19.05000 -0.03434
19.06000 0.00098
19.07000 0.06965
19.08000 0.15304
19.09000 0.21680
19.10000 0.24427
19.11000 0.26683
19.12000 0.31196
19.13000 0.36199
19.14000 0.37670
19.15000 0.33943
19.16000 0.27272
19.17000 0.20895
19.18000 0.17168
19.19000 0.17364
19.20000 0.19620
19.21000 0.22269
19.22000 0.24917
19.23000 0.26781
19.24000 0.25310
19.25000 0.20307
19.26000 0.14519
19.27000 0.11183
19.28000 0.11183
19.29000 0.10693
19.30000 0.07750
19.31000 0.05396
19.32000 0.05199
19.33000 0.06082
19.34000 0.06867
19.35000 0.08240
19.36000 0.08437
19.37000 0.06180
19.38000 0.02943
19.39000 0.00098
19.40000 -0.03532
19.41000 -0.07848
19.42000 -0.12655
19.43000 -0.16088
19.44000 -0.16971
19.45000 -0.13636
19.46000 -0.06082
19.47000 0.02551
19.48000 0.07358
19.49000 0.05984
19.50000 0.00098
19.51000 -0.09614
19.52000 -0.21091
19.53000 -0.30803
19.54000 -0.36199
19.55000 -0.37376
19.56000 -0.37376
19.57000 -0.38553
19.58000 -0.39829
19.59000 -0.39731
19.60000 -0.36984
19.61000 -0.29921
19.62000 -0.20895
19.63000 -0.13145
19.64000 -0.09908
19.65000 -0.10693
19.66000 -0.12557
19.67000 -0.15402
19.68000 -0.18050
19.69000 -0.21582
19.70000 -0.24035
19.71000 -0.25408
19.72000 -0.27272
19.73000 -0.29724
19.74000 -0.31784
19.75000 -0.33060
19.76000 -0.33060
19.77000 -0.32765
19.78000 -0.32569
19.79000 -0.33354
19.80000 -0.33550
19.81000 -0.30803
19.82000 -0.23446
19.83000 -0.12655
19.84000 -0.02256
19.85000 0.05396
19.86000 0.08044
19.87000 0.05788
19.88000 0.00883
19.89000 -0.04120
19.90000 -0.10104
19.91000 -0.15107
19.92000 -0.17168
19.93000 -0.17266
19.94000 -0.15500
19.95000 -0.12066
19.96000 -0.07161
19.97000 -0.00883
19.98000 0.05297
19.99000 0.09908
20.00000 0.13145
20.01000 0.16579
20.02000 0.22171
20.03000 0.29136
20.04000 0.35022
20.05000 0.36788
20.06000 0.34433
20.07000 0.29528
20.08000 0.23936
20.09000 0.19522
20.10000 0.17266
20.11000 0.16088
20.12000 0.15009
20.13000 0.13832
20.14000 0.13244
20.15000 0.12655
20.16000 0.11380
20.17000 0.09025
20.18000 0.07358
20.19000 0.06965
20.20000 0.07063
20.21000 0.06573
20.22000 0.05788
20.23000 0.02453
20.24000 -0.03335
20.25000 -0.09025
20.26000 -0.13538
20.27000 -0.16873
20.28000 -0.18247
20.29000 -0.15304
20.30000 -0.08535
20.31000 -0.01570
20.32000 0.03924
20.33000 0.07554
20.34000 0.08437
20.35000 0.04807
20.36000 -0.00981
20.37000 -0.04611
20.38000 -0.06180
20.39000 -0.08142
20.40000 -0.09712
20.41000 -0.06965
20.42000 0.00392
20.43000 0.06769
20.44000 0.10301
20.45000 0.14911
20.46000 0.21974
20.47000 0.29234
20.48000 0.34629
20.49000 0.35414
20.50000 0.31981
20.51000 0.25114
20.52000 0.18149
20.53000 0.14323
20.54000 0.13342
20.55000 0.14028
20.56000 0.15304
20.57000 0.16481
20.58000 0.16971
20.59000 0.18737
20.60000 0.22661
20.61000 0.25898
20.62000 0.26978
20.63000 0.27664
20.64000 0.28155
20.65000 0.27272
20.66000 0.25506
20.67000 0.25604
20.68000 0.29136
20.69000 0.35708
20.70000 0.40613
20.71000 0.41300
20.72000 0.38455
20.73000 0.33648
20.74000 0.27860
20.75000 0.22759
20.76000 0.18541
20.77000 0.15402
20.78000 0.13930
20.79000 0.13342
20.80000 0.12851
20.81000 0.11674
20.82000 0.10889
20.83000 0.10987
20.84000 0.11478
20.85000 0.12164
20.86000 0.11674
20.87000 0.08535
20.88000 0.04120
20.89000 0.00589
20.90000 -0.02551
20.91000 -0.08142
20.92000 -0.16383
20.93000 -0.25408
20.94000 -0.34335
20.95000 -0.42968
20.96000 -0.49541
20.97000 -0.53072
20.98000 -0.52974
20.99000 -0.48167
21.00000 -0.39534
21.01000 -0.30117
21.02000 -0.22171
21.03000 -0.15990
21.04000 -0.11576
21.05000 -0.11085
21.06000 -0.13832
21.07000 -0.17756
21.08000 -0.20993
21.09000 -0.23250
21.10000 -0.24427
21.11000 -0.25310
21.12000 -0.27370
21.13000 -0.30705
21.14000 -0.32471
21.15000 -0.28253
21.16000 -0.19228
21.17000 -0.10104
21.18000 -0.02158
21.19000 0.05592
21.20000 0.12655
21.21000 0.18639
21.22000 0.22563
21.23000 0.25114
21.24000 0.28057
21.25000 0.29234
21.26000 0.25800
21.27000 0.16971
21.28000 0.05199
21.29000 -0.05788
21.30000 -0.13636
21.31000 -0.17756
21.32000 -0.19718
21.33000 -0.19424
21.34000 -0.15990
21.35000 -0.09712
21.36000 -0.04414
21.37000 -0.02158
21.38000 -0.02256
21.39000 -0.03335
21.40000 -0.02845
21.41000 -0.01275
21.42000 0.00392
21.43000 0.01275
21.44000 0.02845
21.45000 0.05297
21.46000 0.07259
21.47000 0.08437
21.48000 0.08142
21.49000 0.06573
21.50000 0.04218
21.51000 0.00785
21.52000 -0.04218
21.53000 -0.10497
21.54000 -0.16088
21.55000 -0.20111
21.56000 -0.23446
21.57000 -0.27468
21.58000 -0.31392
21.59000 -0.34041
21.60000 -0.33648
21.61000 -0.30215
21.62000 -0.25114
21.63000 -0.18345
21.64000 -0.09908
21.65000 -0.01864
21.66000 0.01275
21.67000 -0.01962
21.68000 -0.09712
21.69000 -0.18737
21.70000 -0.25898
21.71000 -0.30019
21.72000 -0.31000
21.73000 -0.30607
21.74000 -0.29528
21.75000 -0.26879
21.76000 -0.22759
21.77000 -0.19620
21.78000 -0.16285
21.79000 -0.11478
21.80000 -0.05297
21.81000 0.01864
21.82000 0.08829
21.83000 0.14911
21.84000 0.19424
21.85000 0.22171
21.86000 0.22073
21.87000 0.19326
21.88000 0.15107
21.89000 0.10791
21.90000 0.07259
21.91000 0.04022
21.92000 0.00589
21.93000 -0.02453
21.94000 -0.03728
21.95000 -0.01962
21.96000 0.01275
21.97000 0.04807
21.98000 0.08240
21.99000 0.10987
22.00000 0.12164
22.01000 0.10399
22.02000 0.07063
22.03000 0.03434
22.04000 -0.00294
22.05000 -0.04414
22.06000 -0.07456
22.07000 -0.07750
22.08000 -0.05396
22.09000 -0.01373
22.10000 0.02649
22.11000 0.05297
22.12000 0.06671
22.13000 0.08731
22.14000 0.11380
22.15000 0.12263
22.16000 0.11576
22.17000 0.10889
22.18000 0.11576
22.19000 0.13244
22.20000 0.13538
22.21000 0.11968
22.22000 0.10301
22.23000 0.11380
22.24000 0.14813
22.25000 0.19424
22.26000 0.22759
22.27000 0.24623
22.28000 0.25506
22.29000 0.25408
22.30000 0.24427
22.31000 0.22073
22.32000 0.18345
22.33000 0.14028
22.34000 0.10104
22.35000 0.07063
22.36000 0.04218
22.37000 0.01570
22.38000 0.00000
22.39000 -0.00392
22.40000 0.00785
22.41000 0.02943
22.42000 0.05003
22.43000 0.07161
22.44000 0.09320
22.45000 0.10301
22.46000 0.10889
22.47000 0.12655
22.48000 0.14225
22.49000 0.14911
22.50000 0.16088
22.51000 0.18149
22.52000 0.20111
22.53000 0.21091
22.54000 0.22171
22.55000 0.23642
22.56000 0.24329
22.57000 0.21190
22.58000 0.14225
22.59000 0.06377
22.60000 0.00687
22.61000 -0.01962
22.62000 -0.03237
22.63000 -0.04414
22.64000 -0.05199
22.65000 -0.06278
22.66000 -0.06278
22.67000 -0.04218
22.68000 -0.01079
22.69000 0.01864
22.70000 0.03041
22.71000 0.00883
22.72000 -0.04414
22.73000 -0.09320
22.74000 -0.13636
22.75000 -0.17364
22.76000 -0.20993
22.77000 -0.25114
22.78000 -0.27664
22.79000 -0.28547
22.80000 -0.28645
22.81000 -0.28057
22.82000 -0.25016
22.83000 -0.19130
22.84000 -0.12361
22.85000 -0.06475
22.86000 -0.02551
22.87000 -0.00294
22.88000 0.01177
22.89000 0.01079
22.90000 -0.03139
22.91000 -0.10301
22.92000 -0.17952
22.93000 -0.23544
22.94000 -0.25604
22.95000 -0.23250
22.96000 -0.18345
22.97000 -0.13440
22.98000 -0.10104
22.99000 -0.07456
23.00000 -0.04414
23.01000 -0.00981
23.02000 0.00196
23.03000 -0.02060
23.04000 -0.06965
23.05000 -0.13244
23.06000 -0.19718
23.07000 -0.24819
23.08000 -0.27959
23.09000 -0.27664
23.10000 -0.24525
23.11000 -0.19522
23.12000 -0.12851
23.13000 -0.04513
23.14000 0.03826
23.15000 0.10301
23.16000 0.14715
23.17000 0.16873
23.18000 0.17364
23.19000 0.15892
23.20000 0.11772
23.21000 0.06573
23.22000 0.01472
23.23000 -0.02649
23.24000 -0.04611
23.25000 -0.05003
23.26000 -0.04316
23.27000 -0.01962
23.28000 0.01962
23.29000 0.05788
23.30000 0.08142
23.31000 0.09516
23.32000 0.10987
23.33000 0.13440
23.34000 0.16088
23.35000 0.17462
23.36000 0.16187
23.37000 0.14028
23.38000 0.13244
23.39000 0.15107
23.40000 0.18247
23.41000 0.21974
23.42000 0.26389
23.43000 0.31490
23.44000 0.36493
23.45000 0.37670
23.46000 0.33845
23.47000 0.25604
23.48000 0.15107
23.49000 0.04316
23.50000 -0.05101
23.51000 -0.11968
23.52000 -0.16383
23.53000 -0.19031
23.54000 -0.19620
23.55000 -0.17364
23.56000 -0.13244
23.57000 -0.08731
23.58000 -0.05592
23.59000 -0.02747
23.60000 -0.00294
23.61000 0.01668
23.62000 0.03335
23.63000 0.04807
23.64000 0.06082
23.65000 0.08044
23.66000 0.09320
23.67000 0.09614
23.68000 0.08829
23.69000 0.08044
23.70000 0.08142
23.71000 0.08437
23.72000 0.09908
23.73000 0.12655
23.74000 0.15402
23.75000 0.16088
23.76000 0.13538
23.77000 0.09123
23.78000 0.03728
23.79000 -0.00491
23.80000 -0.01275
23.81000 0.00981
23.82000 0.03924
23.83000 0.06180
23.84000 0.06965
23.85000 0.06377
23.86000 0.05886
23.87000 0.05788
23.88000 0.05003
23.89000 0.03434
23.90000 0.02256
23.91000 0.01668
23.92000 0.00589
23.93000 -0.00785
23.94000 -0.01864
23.95000 -0.02256
23.96000 -0.01962
23.97000 -0.01177
23.98000 -0.00589
23.99000 -0.00098
24.00000 0.01373
24.01000 0.04316
24.02000 0.07063
24.03000 0.08044
24.04000 0.06965
24.05000 0.04414
24.06000 0.00687
24.07000 -0.03924
24.08000 -0.07848
24.09000 -0.11085
24.10000 -0.13538
24.11000 -0.15598
24.12000 -0.17168
24.13000 -0.16187
24.14000 -0.10889
24.15000 -0.03237
24.16000 0.04218
24.17000 0.10399
24.18000 0.14028
24.19000 0.15304
24.20000 0.15009
24.21000 0.13538
24.22000 0.11380
24.23000 0.08339
24.24000 0.05297
24.25000 0.02551
24.26000 0.00785
24.27000 -0.00392
24.28000 -0.01079
24.29000 -0.00589
24.30000 0.00196
24.31000 -0.00196
24.32000 -0.01472
24.33000 -0.02453
24.34000 -0.03041
24.35000 -0.03532
24.36000 -0.03728
24.37000 -0.03826
24.38000 -0.04807
24.39000 -0.06475
24.40000 -0.07554
24.41000 -0.07750
24.42000 -0.07259
24.43000 -0.06082
24.44000 -0.04218
24.45000 -0.00785
24.46000 0.03434
24.47000 0.07554
24.48000 0.10693
24.49000 0.12655
24.50000 0.12361
24.51000 0.10399
24.52000 0.06671
24.53000 0.02551
24.54000 -0.01373
24.55000 -0.05101
24.56000 -0.08437
24.57000 -0.10301
24.58000 -0.10497
24.59000 -0.10399
24.60000 -0.10497
24.61000 -0.10301
24.62000 -0.10301
24.63000 -0.10104
24.64000 -0.08927
24.65000 -0.07259
24.66000 -0.05690
24.67000 -0.02158
24.68000 0.03237
24.69000 0.08240
24.70000 0.09908
24.71000 0.06671
24.72000 0.00785
24.73000 -0.04905
24.74000 -0.09908
24.75000 -0.14911
24.76000 -0.20405
24.77000 -0.24819
24.78000 -0.26193
24.79000 -0.24721
24.80000 -0.22073
24.81000 -0.17560
24.82000 -0.11772
24.83000 -0.04807
24.84000 0.01570
24.85000 0.05101
24.86000 0.05886
24.87000 0.04120
24.88000 0.00589
24.89000 -0.04022
24.90000 -0.08339
24.91000 -0.11576
24.92000 -0.12851
24.93000 -0.12263
24.94000 -0.09908
24.95000 -0.05984
24.96000 -0.02060
24.97000 0.00785
24.98000 0.02354
24.99000 0.03139
25.00000 0.03335
25.01000 0.01373
25.02000 -0.02354
25.03000 -0.06180
25.04000 -0.09221
25.05000 -0.11478
25.06000 -0.13342
25.07000 -0.14911
25.08000 -0.15794
25.09000 -0.15598
25.10000 -0.13538
25.11000 -0.08927
25.12000 -0.02649
25.13000 0.03041
25.14000 0.07652
25.15000 0.10791
25.16000 0.11380
25.17000 0.09908
25.18000 0.07652
25.19000 0.05788
25.20000 0.04807
25.21000 0.04905
25.22000 0.06377
25.23000 0.08437
25.24000 0.09516
25.25000 0.09221
25.26000 0.08535
25.27000 0.08339
25.28000 0.08142
25.29000 0.06475
25.30000 0.03041
25.31000 -0.00589
25.32000 -0.03924
25.33000 -0.06180
25.34000 -0.06769
25.35000 -0.04807
25.36000 -0.00981
25.37000 0.02747
25.38000 0.05396
25.39000 0.06965
25.40000 0.08829
25.41000 0.11282
25.42000 0.13342
25.43000 0.14519
25.44000 0.15696
25.45000 0.16481
25.46000 0.17658
25.47000 0.19326
25.48000 0.20405
25.49000 0.21386
25.50000 0.22073
25.51000 0.22073
25.52000 0.20405
25.53000 0.17462
25.54000 0.13636
25.55000 0.08829
25.56000 0.03826
25.57000 -0.01079
25.58000 -0.05494
25.59000 -0.08633
25.60000 -0.10595
25.61000 -0.10595
25.62000 -0.09908
25.63000 -0.08927
25.64000 -0.08535
25.65000 -0.09123
25.66000 -0.11282
25.67000 -0.14126
25.68000 -0.17069
25.69000 -0.19522
25.70000 -0.21484
25.71000 -0.21680
25.72000 -0.19914
25.73000 -0.16775
25.74000 -0.14421
25.75000 -0.14126
25.76000 -0.14715
25.77000 -0.15107
25.78000 -0.15009
25.79000 -0.13734
25.80000 -0.12066
25.81000 -0.10693
25.82000 -0.11085
25.83000 -0.12263
25.84000 -0.12753
25.85000 -0.12459
25.86000 -0.11380
25.87000 -0.09712
25.88000 -0.07750
25.89000 -0.06573
25.90000 -0.06769
25.91000 -0.07063
25.92000 -0.07456
25.93000 -0.07848
25.94000 -0.08044
25.95000 -0.08142
25.96000 -0.08633
25.97000 -0.08927
25.98000 -0.08240
25.99000 -0.05494
26.00000 -0.02943
26.01000 -0.02649
26.02000 -0.03434
26.03000 -0.04513
26.04000 -0.04905
26.05000 -0.04316
26.06000 -0.02354
26.07000 0.00981
26.08000 0.05396
26.09000 0.10595
26.10000 0.16677
26.11000 0.21680
26.12000 0.25506
26.13000 0.27959
26.14000 0.28449
26.15000 0.25800
26.16000 0.20307
26.17000 0.14225
26.18000 0.09712
26.19000 0.08142
26.20000 0.09614
26.21000 0.12361
26.22000 0.15107
26.23000 0.16971
26.24000 0.18443
26.25000 0.19031
26.26000 0.18443
26.27000 0.15696
26.28000 0.12557
26.29000 0.09614
26.30000 0.07161
26.31000 0.04709
26.32000 0.02747
26.33000 0.01766
26.34000 0.01766
26.35000 0.03041
26.36000 0.05690
26.37000 0.08927
26.38000 0.11478
26.39000 0.12557
26.40000 0.12753
26.41000 0.13145
26.42000 0.13734
26.43000 0.14421
26.44000 0.15696
26.45000 0.17658
26.46000 0.20012
26.47000 0.21288
26.48000 0.21484
26.49000 0.20209
26.50000 0.18541
26.51000 0.17364
26.52000 0.15107
26.53000 0.12459
26.54000 0.09516
26.55000 0.06965
26.56000 0.05396
26.57000 0.04709
26.58000 0.05199
26.59000 0.05199
26.60000 0.04611
26.61000 0.04414
26.62000 0.04022
26.63000 0.02551
26.64000 -0.00687
26.65000 -0.04022
26.66000 -0.06867
26.67000 -0.09516
26.68000 -0.11968
26.69000 -0.13734
26.70000 -0.14225
26.71000 -0.13636
26.72000 -0.12164
26.73000 -0.09810
26.74000 -0.07161
26.75000 -0.04905
26.76000 -0.04022
26.77000 -0.03041
26.78000 -0.02747
26.79000 -0.03630
26.80000 -0.05297
26.81000 -0.06475
26.82000 -0.06573
26.83000 -0.06867
26.84000 -0.07750
26.85000 -0.08731
26.86000 -0.08829
26.87000 -0.08240
26.88000 -0.07554
26.89000 -0.07063
26.90000 -0.07456
26.91000 -0.07848
26.92000 -0.08339
26.93000 -0.10202
26.94000 -0.13244
26.95000 -0.16481
26.96000 -0.18050
26.97000 -0.16775
26.98000 -0.13342
26.99000 -0.08829
27.00000 -0.05199
27.01000 -0.03139
27.02000 -0.03237
27.03000 -0.04807
27.04000 -0.07161
27.05000 -0.08927
27.06000 -0.10006
27.07000 -0.11183
27.08000 -0.13538
27.09000 -0.16285
27.10000 -0.18639
27.11000 -0.20699
27.12000 -0.20209
27.13000 -0.16677
27.14000 -0.11576
27.15000 -0.07161
27.16000 -0.04709
27.17000 -0.03237
27.18000 -0.02845
27.19000 -0.03924
27.20000 -0.05886
27.21000 -0.07750
27.22000 -0.08339
27.23000 -0.06965
27.24000 -0.03924
27.25000 -0.00981
27.26000 0.00981
27.27000 0.01373
27.28000 0.00196
27.29000 -0.00981
27.30000 -0.02453
27.31000 -0.03826
27.32000 -0.04611
27.33000 -0.03630
27.34000 -0.00294
27.35000 0.02943
27.36000 0.04513
27.37000 0.04316
27.38000 0.03434
27.39000 0.01864
27.40000 -0.01373
27.41000 -0.05788
27.42000 -0.10301
27.43000 -0.12851
27.44000 -0.14323
27.45000 -0.15500
27.46000 -0.17069
27.47000 -0.17266
27.48000 -0.15500
27.49000 -0.12655
27.50000 -0.10006
27.51000 -0.07750
27.52000 -0.05494
27.53000 -0.03728
27.54000 -0.02158
27.55000 -0.00589
27.56000 -0.00098
27.57000 -0.00196
27.58000 -0.00392
27.59000 -0.00687
27.60000 -0.00098
27.61000 0.00981
27.62000 0.03041
27.63000 0.05690
27.64000 0.08829
27.65000 0.12557
27.66000 0.16187
27.67000 0.18345
27.68000 0.18345
27.69000 0.15892
27.70000 0.12655
27.71000 0.10202
27.72000 0.09320
27.73000 0.09516
27.74000 0.10202
27.75000 0.11282
27.76000 0.12949
27.77000 0.14715
27.78000 0.16481
27.79000 0.18737
27.80000 0.20601
27.81000 0.21582
27.82000 0.21974
27.83000 0.20405
27.84000 0.16971
27.85000 0.11772
27.86000 0.06475
27.87000 0.02551
27.88000 0.01570
27.89000 0.03041
27.90000 0.05003
27.91000 0.06671
27.92000 0.08240
27.93000 0.10006
27.94000 0.11674
27.95000 0.13734
27.96000 0.16088
27.97000 0.18345
27.98000 0.19031
27.99000 0.18149
28.00000 0.17069
28.01000 0.16088
28.02000 0.15500
28.03000 0.14519
28.04000 0.13538
28.05000 0.12459
28.06000 0.10987
28.07000 0.10202
28.08000 0.10301
28.09000 0.11282
28.10000 0.12851
28.11000 0.15206
28.12000 0.16971
28.13000 0.16481
28.14000 0.13636
28.15000 0.09712
28.16000 0.04513
28.17000 -0.01079
28.18000 -0.06180
28.19000 -0.10301
28.20000 -0.13244
28.21000 -0.15304
28.22000 -0.16187
28.23000 -0.15206
28.24000 -0.11968
28.25000 -0.07161
28.26000 -0.01766
28.27000 0.02649
28.28000 0.05199
28.29000 0.05984
28.30000 0.04905
28.31000 0.03630
28.32000 0.02453
28.33000 0.00981
28.34000 0.00000
28.35000 -0.00589
28.36000 -0.01079
28.37000 -0.01177
28.38000 -0.00981
28.39000 -0.01177
28.40000 -0.02256
28.41000 -0.03532
28.42000 -0.06377
28.43000 -0.09516
28.44000 -0.13244
28.45000 -0.17069
28.46000 -0.21091
28.47000 -0.24231
28.48000 -0.25702
28.49000 -0.24917
28.50000 -0.21876
28.51000 -0.18247
28.52000 -0.14813
28.53000 -0.12557
28.54000 -0.11870
28.55000 -0.13047
28.56000 -0.15206
28.57000 -0.17952
28.58000 -0.20993
28.59000 -0.23348
28.60000 -0.24819
28.61000 -0.25212
28.62000 -0.25114
28.63000 -0.24329
28.64000 -0.22563
28.65000 -0.20405
28.66000 -0.17952
28.67000 -0.15009
28.68000 -0.12066
28.69000 -0.10006
28.70000 -0.08829
28.71000 -0.07750
28.72000 -0.07456
28.73000 -0.08437
28.74000 -0.10301
28.75000 -0.12263
28.76000 -0.13734
28.77000 -0.14813
28.78000 -0.15009
28.79000 -0.13930
28.80000 -0.10987
28.81000 -0.06671
28.82000 -0.02453
28.83000 0.00294
28.84000 0.02845
28.85000 0.05199
28.86000 0.06867
28.87000 0.06671
28.88000 0.03532
28.89000 -0.01275
28.90000 -0.06573
28.91000 -0.10693
28.92000 -0.13538
28.93000 -0.14225
28.94000 -0.13244
28.95000 -0.10889
28.96000 -0.07456
28.97000 -0.04414
28.98000 -0.01864
28.99000 0.00981
29.00000 0.03532
29.01000 0.05101
29.02000 0.05101
29.03000 0.04611
29.04000 0.04611
29.05000 0.04611
29.06000 0.05199
29.07000 0.06377
29.08000 0.08240
29.09000 0.10104
29.10000 0.10104
29.11000 0.08044
29.12000 0.05101
29.13000 0.02453
29.14000 0.00883
29.15000 0.00981
29.16000 0.01864
29.17000 0.03532
29.18000 0.05788
29.19000 0.07750
29.20000 0.08731
29.21000 0.08240
29.22000 0.07358
29.23000 0.08240
29.24000 0.10497
29.25000 0.12361
29.26000 0.12753
29.27000 0.11772
29.28000 0.09908
29.29000 0.08142
29.30000 0.06671
29.31000 0.06377
29.32000 0.07358
29.33000 0.08829
29.34000 0.10497
29.35000 0.12263
29.36000 0.13440
29.37000 0.14911
29.38000 0.16971
29.39000 0.18541
29.40000 0.19228
29.41000 0.18639
29.42000 0.16971
29.43000 0.13734
29.44000 0.10104
29.45000 0.07456
29.46000 0.05788
29.47000 0.05592
29.48000 0.06180
29.49000 0.06769
29.50000 0.06867
29.51000 0.07358
29.52000 0.08142
29.53000 0.09614
29.54000 0.11478
29.55000 0.12753
29.56000 0.12753
29.57000 0.12066
29.58000 0.11576
29.59000 0.11576
29.60000 0.11870
29.61000 0.12164
29.62000 0.12164
29.63000 0.11772
29.64000 0.11282
29.65000 0.11085
29.66000 0.11085
29.67000 0.11183
29.68000 0.10595
29.69000 0.08731
29.70000 0.06867
29.71000 0.05199
29.72000 0.05003
29.73000 0.06180
29.74000 0.07848
29.75000 0.09908
29.76000 0.11282
29.77000 0.11478
29.78000 0.10497
29.79000 0.08240
29.80000 0.05101
29.81000 0.01864
29.82000 -0.00589
29.83000 -0.02256
29.84000 -0.03434
29.85000 -0.03237
29.86000 -0.00785
29.87000 0.02256
29.88000 0.04316
29.89000 0.05592
29.90000 0.05592
29.91000 0.04709
29.92000 0.02747
29.93000 0.00098
29.94000 -0.02747
29.95000 -0.04807
29.96000 -0.05297
29.97000 -0.04316
29.98000 -0.03139
29.99000 -0.02158
30.00000 -0.02060
30.01000 -0.03139
30.02000 -0.04611
30.03000 -0.06377
30.04000 -0.08142
30.05000 -0.09516
30.06000 -0.10889
30.07000 -0.12557
30.08000 -0.14911
30.09000 -0.18149
30.10000 -0.20307
30.11000 -0.20405
30.12000 -0.18737
30.13000 -0.15990
30.14000 -0.13145
30.15000 -0.11674
30.16000 -0.09810
30.17000 -0.07750
30.18000 -0.05984
30.19000 -0.03826
30.20000 -0.03139
30.21000 -0.04905
30.22000 -0.08142
30.23000 -0.10889
30.24000 -0.12164
30.25000 -0.12164
30.26000 -0.11870
30.27000 -0.11674
30.28000 -0.11380
30.29000 -0.10889
30.30000 -0.10987
30.31000 -0.11576
30.32000 -0.11674
30.33000 -0.11282
30.34000 -0.12263
30.35000 -0.14421
30.36000 -0.16481
30.37000 -0.17756
30.38000 -0.18149
30.39000 -0.18345
30.40000 -0.18541
30.41000 -0.18247
30.42000 -0.17462
30.43000 -0.15304
30.44000 -0.11674
30.45000 -0.07652
30.46000 -0.05199
30.47000 -0.04611
30.48000 -0.04611
30.49000 -0.04022
30.50000 -0.01864
30.51000 0.00785
30.52000 0.02747
30.53000 0.03924
30.54000 0.03924
30.55000 0.02943
30.56000 0.01373
30.57000 -0.00098
30.58000 -0.01079
30.59000 -0.01373
30.60000 -0.02060
30.61000 -0.02649
30.62000 -0.03237
30.63000 -0.03728
30.64000 -0.04414
30.65000 -0.04513
30.66000 -0.03630
30.67000 -0.01177
30.68000 0.01864
30.69000 0.03924
30.70000 0.05101
30.71000 0.05788
30.72000 0.06082
30.73000 0.05396
30.74000 0.02943
30.75000 -0.00981
30.76000 -0.05003
30.77000 -0.07946
30.78000 -0.08829
30.79000 -0.07358
30.80000 -0.04807
30.81000 -0.00981
30.82000 0.02845
30.83000 0.06573
30.84000 0.09221
30.85000 0.10006
30.86000 0.09516
30.87000 0.08339
30.88000 0.06671
30.89000 0.04316
30.90000 0.01668
30.91000 0.00196
30.92000 0.00392
30.93000 0.02256
30.94000 0.04513
30.95000 0.06377
30.96000 0.07456
30.97000 0.08240
30.98000 0.09320
30.99000 0.10202
31.00000 0.10595
31.01000 0.10987
31.02000 0.11282
31.03000 0.10791
31.04000 0.09516
31.05000 0.07946
31.06000 0.06769
31.07000 0.05984
31.08000 0.05101
31.09000 0.03728
31.10000 0.02747
31.11000 0.02158
31.12000 0.01864
31.13000 0.01864
31.14000 0.02158
31.15000 0.02747
31.16000 0.03532
31.17000 0.04022
31.18000 0.04414
31.19000 0.05984
31.20000 0.07456
31.21000 0.08829
31.22000 0.10202
31.23000 0.10791
31.24000 0.10497
31.25000 0.09712
31.26000 0.09712
31.27000 0.09221
31.28000 0.07750
31.29000 0.06278
31.30000 0.04022
31.31000 0.01472
31.32000 -0.01177
31.33000 -0.04316
31.34000 -0.07063
31.35000 -0.08927
31.36000 -0.08927
31.37000 -0.06769
31.38000 -0.03434
31.39000 0.00589
31.40000 0.05101
31.41000 0.08731
31.42000 0.10301
31.43000 0.10006
31.44000 0.08731
31.45000 0.06769
31.46000 0.05396
31.47000 0.05003
31.48000 0.05592
31.49000 0.06671
31.50000 0.07554
31.51000 0.08339
31.52000 0.07259
31.53000 0.05199
31.54000 0.02649
31.55000 0.00196
31.56000 -0.01275
31.57000 -0.01864
31.58000 -0.01668
31.59000 -0.02060
31.60000 -0.02845
31.61000 -0.03041
31.62000 -0.02158
31.63000 -0.01275
31.64000 -0.01472
31.65000 -0.02649
31.66000 -0.04120
31.67000 -0.05886
31.68000 -0.07161
31.69000 -0.07456
31.70000 -0.07652
31.71000 -0.08339
31.72000 -0.09221
31.73000 -0.10693
31.74000 -0.12655
31.75000 -0.13538
31.76000 -0.13440
31.77000 -0.12557
31.78000 -0.10791
31.79000 -0.07750
31.80000 -0.04709
31.81000 -0.01373
31.82000 0.02354
31.83000 0.06082
31.84000 0.07946
31.85000 0.07848
31.86000 0.06278
31.87000 0.04709
31.88000 0.03335
31.89000 0.02256
31.90000 0.02060
31.91000 0.01864
31.92000 0.01864
31.93000 0.02060
31.94000 0.02354
31.95000 0.02649
31.96000 0.02649
31.97000 0.02256
31.98000 0.01177
31.99000 -0.00392
32.00000 -0.01864
32.01000 -0.02551
32.02000 -0.03139
32.03000 -0.03532
32.04000 -0.03630
32.05000 -0.04316
32.06000 -0.05788
32.07000 -0.07358
32.08000 -0.08731
32.09000 -0.09320
32.10000 -0.08927
32.11000 -0.07848
32.12000 -0.07848
32.13000 -0.08731
32.14000 -0.09908
32.15000 -0.10104
32.16000 -0.08731
32.17000 -0.06278
32.18000 -0.03434
32.19000 -0.01864
32.20000 -0.01373
32.21000 -0.01668
32.22000 -0.02158
32.23000 -0.02747
32.24000 -0.04611
32.25000 -0.06867
32.26000 -0.09320
32.27000 -0.11183
32.28000 -0.12557
32.29000 -0.12949
32.30000 -0.14126
32.31000 -0.14617
32.32000 -0.13440
32.33000 -0.11870
32.34000 -0.09810
32.35000 -0.07848
32.36000 -0.05003
32.37000 -0.01962
32.38000 0.00785
32.39000 0.02845
32.40000 0.02845
32.41000 0.01962
32.42000 0.00392
32.43000 -0.01472
32.44000 -0.02747
32.45000 -0.04120
32.46000 -0.05984
32.47000 -0.07358
32.48000 -0.08142
32.49000 -0.07063
32.50000 -0.04218
32.51000 -0.00589
32.52000 0.03237
32.53000 0.07063
32.54000 0.10104
32.55000 0.11183
32.56000 0.10693
32.57000 0.08829
32.58000 0.06769
32.59000 0.04807
32.60000 0.04022
32.61000 0.04905
32.62000 0.06867
32.63000 0.09123
32.64000 0.11576
32.65000 0.13440
32.66000 0.14715
32.67000 0.14911
32.68000 0.14028
32.69000 0.12459
32.70000 0.11085
32.71000 0.10791
32.72000 0.10595
32.73000 0.09418
32.74000 0.07848
32.75000 0.06377
32.76000 0.05003
32.77000 0.03728
32.78000 0.02649
32.79000 0.01864
32.80000 0.01570
32.81000 0.01570
32.82000 0.01570
32.83000 0.02551
32.84000 0.03924
32.85000 0.05199
32.86000 0.06573
32.87000 0.08142
32.88000 0.08927
32.89000 0.10104
32.90000 0.10693
32.91000 0.10791
32.92000 0.10301
32.93000 0.09614
32.94000 0.09418
32.95000 0.09614
32.96000 0.09516
32.97000 0.09025
32.98000 0.08044
32.99000 0.06965
33.00000 0.05788
33.01000 0.05101
33.02000 0.05003
33.03000 0.04611
33.04000 0.04022
33.05000 0.02747
33.06000 0.00589
33.07000 -0.01962
33.08000 -0.04120
33.09000 -0.05984
33.10000 -0.06965
33.11000 -0.07750
33.12000 -0.08240
33.13000 -0.08927
33.14000 -0.09418
33.15000 -0.09516
33.16000 -0.08927
33.17000 -0.07358
33.18000 -0.04905
33.19000 -0.02551
33.20000 -0.00785
33.21000 0.00196
33.22000 0.00785
33.23000 0.01079
33.24000 0.00785
33.25000 -0.00098
33.26000 -0.00785
33.27000 -0.02060
33.28000 -0.03924
33.29000 -0.06082
33.30000 -0.07456
33.31000 -0.08437
33.32000 -0.08731
33.33000 -0.08535
33.34000 -0.07259
33.35000 -0.05003
33.36000 -0.03826
33.37000 -0.03728
33.38000 -0.04414
33.39000 -0.04414
33.40000 -0.04611
33.41000 -0.04316
33.42000 -0.03728
33.43000 -0.03139
33.44000 -0.02747
33.45000 -0.02453
33.46000 -0.01962
33.47000 -0.00589
33.48000 0.01373
33.49000 0.03728
33.50000 0.05003
33.51000 0.04120
33.52000 0.01668
33.53000 -0.01962
33.54000 -0.05297
33.55000 -0.07554
33.56000 -0.08044
33.57000 -0.06867
33.58000 -0.05003
33.59000 -0.02453
33.60000 0.00000
33.61000 0.01275
33.62000 0.00392
33.63000 -0.00981
33.64000 -0.02158
33.65000 -0.02649
33.66000 -0.03041
33.67000 -0.03532
33.68000 -0.04513
33.69000 -0.05592
33.70000 -0.06671
33.71000 -0.07652
33.72000 -0.07848
33.73000 -0.06377
33.74000 -0.04218
33.75000 -0.02256
33.76000 -0.00687
33.77000 0.00196
33.78000 0.00294
33.79000 -0.00785
33.80000 -0.02453
33.81000 -0.03532
33.82000 -0.03335
33.83000 -0.02354
33.84000 -0.01275
33.85000 -0.01079
33.86000 -0.01177
33.87000 -0.01177
33.88000 -0.02158
33.89000 -0.03532
33.90000 -0.05199
33.91000 -0.05984
33.92000 -0.05788
33.93000 -0.04905
33.94000 -0.03532
33.95000 -0.02354
33.96000 -0.01962
33.97000 -0.01962
33.98000 -0.02060
33.99000 -0.01864
34.00000 -0.00981
34.01000 -0.00000
34.02000 0.00687
34.03000 0.01079
34.04000 0.01079
34.05000 0.01962
34.06000 0.02845
34.07000 0.04905
34.08000 0.06867
34.09000 0.07946
34.10000 0.08044
34.11000 0.07063
34.12000 0.05199
34.13000 0.02256
34.14000 -0.00294
34.15000 -0.01962
34.16000 -0.02845
34.17000 -0.02747
34.18000 -0.01962
34.19000 0.00196
34.20000 0.03532
34.21000 0.07652
34.22000 0.10889
34.23000 0.12753
34.24000 0.13636
34.25000 0.14028
34.26000 0.15009
34.27000 0.16873
34.28000 0.19130
34.29000 0.20895
34.30000 0.21582
34.31000 0.21778
34.32000 0.20699
34.33000 0.18835
34.34000 0.16775
34.35000 0.14715
34.36000 0.13244
34.37000 0.12459
34.38000 0.12459
34.39000 0.12851
34.40000 0.13047
34.41000 0.13145
34.42000 0.13342
34.43000 0.13538
34.44000 0.13930
34.45000 0.13145
34.46000 0.11772
34.47000 0.10399
34.48000 0.09614
34.49000 0.09516
34.50000 0.09810
34.51000 0.10006
34.52000 0.10006
34.53000 0.09810
34.54000 0.09418
34.55000 0.08829
34.56000 0.07848
34.57000 0.06867
34.58000 0.06082
34.59000 0.05003
34.60000 0.04316
34.61000 0.03532
34.62000 0.02649
34.63000 0.01864
34.64000 0.01079
34.65000 0.00294
34.66000 -0.00785
34.67000 -0.02943
34.68000 -0.05494
34.69000 -0.07259
34.70000 -0.08731
34.71000 -0.09320
34.72000 -0.09418
34.73000 -0.09810
34.74000 -0.10301
34.75000 -0.10301
34.76000 -0.09908
34.77000 -0.09418
34.78000 -0.09025
34.79000 -0.08731
34.80000 -0.08339
34.81000 -0.07946
34.82000 -0.08044
34.83000 -0.08829
34.84000 -0.09810
34.85000 -0.11282
34.86000 -0.12263
34.87000 -0.12361
34.88000 -0.12949
34.89000 -0.13244
34.90000 -0.13440
34.91000 -0.13538
34.92000 -0.13538
34.93000 -0.13734
34.94000 -0.14225
34.95000 -0.14617
34.96000 -0.15107
34.97000 -0.14617
34.98000 -0.13930
34.99000 -0.13538
35.00000 -0.14028
35.01000 -0.14813
35.02000 -0.15990
35.03000 -0.17658
35.04000 -0.19424
35.05000 -0.21974
35.06000 -0.24525
35.07000 -0.27272
35.08000 -0.28351
35.09000 -0.27959
35.10000 -0.25997
35.11000 -0.23348
35.12000 -0.20111
35.13000 -0.16971
35.14000 -0.14028
35.15000 -0.11772
35.16000 -0.09614
35.17000 -0.08142
35.18000 -0.06965
35.19000 -0.06377
35.20000 -0.06082
35.21000 -0.05984
35.22000 -0.06082
35.23000 -0.05690
35.24000 -0.05396
35.25000 -0.05101
35.26000 -0.05101
35.27000 -0.04316
35.28000 -0.02845
35.29000 -0.01177
35.30000 0.00196
35.31000 0.00981
35.32000 0.01275
35.33000 0.01472
35.34000 0.01373
35.35000 0.01766
35.36000 0.02845
35.37000 0.03630
35.38000 0.03237
35.39000 0.02649
35.40000 0.02158
35.41000 0.02354
35.42000 0.02747
35.43000 0.03728
35.44000 0.04611
35.45000 0.04807
35.46000 0.04513
35.47000 0.04120
35.48000 0.03826
35.49000 0.04316
35.50000 0.05297
35.51000 0.06573
35.52000 0.07554
35.53000 0.08927
35.54000 0.10399
35.55000 0.11870
35.56000 0.13538
35.57000 0.15206
35.58000 0.16677
35.59000 0.17364
35.60000 0.17168
35.61000 0.16579
35.62000 0.17069
35.63000 0.17364
35.64000 0.17854
35.65000 0.18443
35.66000 0.19326
35.67000 0.19130
35.68000 0.18737
35.69000 0.18247
35.70000 0.17462
35.71000 0.16677
35.72000 0.15794
35.73000 0.15009
35.74000 0.14225
35.75000 0.12753
35.76000 0.10399
35.77000 0.08437
35.78000 0.07358
35.79000 0.07456
35.80000 0.07456
35.81000 0.07456
35.82000 0.08044
35.83000 0.08829
35.84000 0.09712
35.85000 0.10497
35.86000 0.10595
35.87000 0.10595
35.88000 0.09908
35.89000 0.09516
35.90000 0.08535
35.91000 0.07750
35.92000 0.07946
35.93000 0.08437
35.94000 0.08927
35.95000 0.09221
35.96000 0.09025
35.97000 0.09123
35.98000 0.08829
35.99000 0.08633
36.00000 0.07848
36.01000 0.06671
36.02000 0.05788
36.03000 0.04513
36.04000 0.03335
36.05000 0.01864
36.06000 0.00294
36.07000 -0.01570
36.08000 -0.02943
36.09000 -0.03041
36.10000 -0.02649
36.11000 -0.01472
36.12000 -0.00196
36.13000 0.00196
36.14000 -0.00491
36.15000 -0.02060
36.16000 -0.03826
36.17000 -0.04709
36.18000 -0.04807
36.19000 -0.05494
36.20000 -0.06180
36.21000 -0.06573
36.22000 -0.06867
36.23000 -0.07946
36.24000 -0.09025
36.25000 -0.10301
36.26000 -0.11576
36.27000 -0.12753
36.28000 -0.13832
36.29000 -0.15009
36.30000 -0.16088
36.31000 -0.16775
36.32000 -0.15990
36.33000 -0.15009
36.34000 -0.13636
36.35000 -0.12459
36.36000 -0.11282
36.37000 -0.10693
36.38000 -0.10497
36.39000 -0.10987
36.40000 -0.10987
36.41000 -0.10987
36.42000 -0.10791
36.43000 -0.10399
36.44000 -0.10006
36.45000 -0.10497
36.46000 -0.10595
36.47000 -0.09712
36.48000 -0.08339
36.49000 -0.07456
36.50000 -0.07652
36.51000 -0.08535
36.52000 -0.10202
36.53000 -0.11870
36.54000 -0.13047
36.55000 -0.12361
36.56000 -0.10399
36.57000 -0.07848
36.58000 -0.05886
36.59000 -0.05297
36.60000 -0.06377
36.61000 -0.08535
36.62000 -0.11085
36.63000 -0.12753
36.64000 -0.13047
36.65000 -0.12361
36.66000 -0.10987
36.67000 -0.09320
36.68000 -0.06965
36.69000 -0.04513
36.70000 -0.01864
36.71000 -0.00392
36.72000 -0.00294
36.73000 -0.00981
36.74000 -0.01472
36.75000 -0.01472
36.76000 -0.01668
36.77000 -0.02354
36.78000 -0.02354
36.79000 -0.01668
36.80000 -0.00883
36.81000 0.01079
36.82000 0.03434
36.83000 0.06082
36.84000 0.08731
36.85000 0.10104
36.86000 0.10497
36.87000 0.09221
36.88000 0.07946
36.89000 0.06965
36.90000 0.06475
36.91000 0.05984
36.92000 0.05297
36.93000 0.04611
36.94000 0.03630
36.95000 0.03139
36.96000 0.03532
36.97000 0.04316
36.98000 0.05003
36.99000 0.05297
37.00000 0.05788
37.01000 0.06867
37.02000 0.08240
37.03000 0.09320
37.04000 0.09712
37.05000 0.10006
37.06000 0.11085
37.07000 0.12557
37.08000 0.14225
37.09000 0.15402
37.10000 0.15892
37.11000 0.15402
37.12000 0.14225
37.13000 0.12459
37.14000 0.11282
37.15000 0.10006
37.16000 0.08240
37.17000 0.06573
37.18000 0.04709
37.19000 0.03041
37.20000 0.01570
37.21000 0.00687
37.22000 0.00294
37.23000 0.00294
37.24000 0.00392
37.25000 0.00687
37.26000 0.01177
37.27000 0.01472
37.28000 0.01962
37.29000 0.02453
37.30000 0.03335
37.31000 0.03924
37.32000 0.04316
37.33000 0.04022
37.34000 0.02747
37.35000 0.01962
37.36000 0.01079
37.37000 -0.00098
37.38000 -0.01373
37.39000 -0.02453
37.40000 -0.02845
37.41000 -0.02551
37.42000 -0.02551
37.43000 -0.02943
37.44000 -0.03924
37.45000 -0.04218
37.46000 -0.04218
37.47000 -0.04022
37.48000 -0.03434
37.49000 -0.03041
37.50000 -0.02256
37.51000 -0.01373
37.52000 -0.00687
37.53000 -0.00589
37.54000 -0.00589
37.55000 -0.00687
37.56000 -0.00981
37.57000 -0.00883
37.58000 -0.00294
37.59000 0.00294
37.60000 0.00981
37.61000 0.01668
37.62000 0.02354
37.63000 0.01766
37.64000 0.00196
37.65000 -0.01570
37.66000 -0.03630
37.67000 -0.05396
37.68000 -0.05984
37.69000 -0.05592
37.70000 -0.04611
37.71000 -0.03237
37.72000 -0.00883
37.73000 0.01864
37.74000 0.04218
37.75000 0.05788
37.76000 0.06769
37.77000 0.06573
37.78000 0.05788
37.79000 0.04905
37.80000 0.03434
37.81000 0.02060
37.82000 0.00883
37.83000 0.00294
37.84000 0.00294
37.85000 0.00687
37.86000 0.00687
37.87000 0.00589
37.88000 0.00687
37.89000 0.01177
37.90000 0.01373
37.91000 0.01177
37.92000 0.00392
37.93000 -0.00491
37.94000 -0.01962
37.95000 -0.03924
37.96000 -0.05396
37.97000 -0.05592
37.98000 -0.04807
37.99000 -0.03532
38.00000 -0.02158
38.01000 -0.01472
38.02000 -0.01472
38.03000 -0.02256
38.04000 -0.03434
38.05000 -0.04218
38.06000 -0.04709
38.07000 -0.04807
38.08000 -0.04709
38.09000 -0.04316
38.10000 -0.03335
38.11000 -0.02649
38.12000 -0.02060
38.13000 -0.01864
38.14000 -0.01766
38.15000 -0.02256
38.16000 -0.03237
38.17000 -0.03826
38.18000 -0.04414
38.19000 -0.04611
38.20000 -0.04120
38.21000 -0.03041
38.22000 -0.01668
38.23000 -0.00294
38.24000 0.01177
38.25000 0.02845
38.26000 0.04218
38.27000 0.05003
38.28000 0.05101
38.29000 0.04611
38.30000 0.03826
38.31000 0.02943
38.32000 0.02158
38.33000 0.01373
38.34000 0.00883
38.35000 0.00491
38.36000 0.00098
38.37000 -0.00392
38.38000 -0.01275
38.39000 -0.01864
38.40000 -0.02060
38.41000 -0.02158
38.42000 -0.02649
38.43000 -0.02845
38.44000 -0.02943
38.45000 -0.02845
38.46000 -0.02551
38.47000 -0.02060
38.48000 -0.01275
38.49000 -0.00687
38.50000 -0.00491
38.51000 -0.01177
38.52000 -0.02158
38.53000 -0.03237
38.54000 -0.04316
38.55000 -0.05003
38.56000 -0.05788
38.57000 -0.06278
38.58000 -0.05984
38.59000 -0.04905
38.60000 -0.03532
38.61000 -0.02551
38.62000 -0.01668
38.63000 -0.00981
38.64000 -0.00491
38.65000 -0.00589
38.66000 -0.00883
38.67000 -0.01472
38.68000 -0.01864
38.69000 -0.02060
38.70000 -0.02060
38.71000 -0.01864
38.72000 -0.01373
38.73000 -0.01177
38.74000 -0.01079
38.75000 -0.01472
38.76000 -0.01864
38.77000 -0.01962
38.78000 -0.01570
38.79000 -0.00883
38.80000 -0.00392
38.81000 -0.00294
38.82000 -0.00196
38.83000 -0.00294
38.84000 -0.00196
38.85000 0.00392
38.86000 0.01079
38.87000 0.01766
38.88000 0.02453
38.89000 0.02943
38.90000 0.03041
38.91000 0.03041
38.92000 0.03041
38.93000 0.02943
38.94000 0.02943
38.95000 0.03237
38.96000 0.03826
38.97000 0.04513
38.98000 0.05003
38.99000 0.05396
39.00000 0.05396
39.01000 0.05003
39.02000 0.04218
39.03000 0.03335
39.04000 0.02551
39.05000 0.01766
39.06000 0.01275
39.07000 0.00883
39.08000 0.00883
39.09000 0.01472
39.10000 0.02453
39.11000 0.03532
39.12000 0.04022
39.13000 0.04120
39.14000 0.04022
39.15000 0.03924
39.16000 0.03630
39.17000 0.03434
39.18000 0.03237
39.19000 0.02747
39.20000 0.02256
39.21000 0.01864
39.22000 0.01570
39.23000 0.01275
39.24000 0.00589
39.25000 -0.00000
39.26000 -0.00589
39.27000 -0.01177
39.28000 -0.01668
39.29000 -0.01864
39.30000 -0.01864
39.31000 -0.01373
39.32000 -0.00883
39.33000 -0.00196
39.34000 0.00491
39.35000 0.00883
39.36000 0.01079
39.37000 0.00883
39.38000 0.00589
39.39000 -0.00098
39.40000 -0.00883
39.41000 -0.01373
39.42000 -0.01570
39.43000 -0.01668
39.44000 -0.01570
39.45000 -0.01570
39.46000 -0.01570
39.47000 -0.01570
39.48000 -0.01570
39.49000 -0.01570
39.50000 -0.01864
39.51000 -0.02158
39.52000 -0.02453
39.53000 -0.02649
39.54000 -0.02747
39.55000 -0.02551
39.56000 -0.02354
39.57000 -0.02060
39.58000 -0.01766
39.59000 -0.01373
39.60000 -0.01079
39.61000 -0.00883
39.62000 -0.00589
39.63000 -0.00294
39.64000 -0.00098
39.65000 -0.00000
39.66000 0.00098
39.67000 0.00098
39.68000 0.00098
39.69000 0.00098
39.70000 0.00098
39.71000 0.00098
39.72000 0.00196
39.73000 0.00294
39.74000 0.00392
39.75000 0.00589
39.76000 0.00687
39.77000 0.00687
39.78000 0.00589
39.79000 0.00491
39.80000 0.00392
39.81000 0.00392
39.82000 0.00392
39.83000 0.00491
39.84000 0.00491
39.85000 0.00392
39.86000 0.00392
39.87000 0.00294
39.88000 0.00392
39.89000 0.00392
39.90000 0.00392
39.91000 0.00392
39.92000 0.00294
39.93000 0.00294
39.94000 0.00196
39.95000 0.00098
39.96000 0.00098
39.97000 0.00098
39.98000 0.00098
39.99000 0.00098
40.00000 0.00098
40.01000 0.00098
40.02000 0.00098
40.03000 0.00098
40.04000 0.00098
40.05000 0.00098
40.06000 0.00196
40.07000 0.00196
40.08000 0.00196
40.09000 0.00196
40.10000 0.00098
40.11000 0.00098
40.12000 0.00098
40.13000 0.00098
40.14000 0.00098
40.15000 0.00000
40.16000 0.00000
40.17000 0.00000
40.18000 0.00000
40.19000 0.00000
40.20000 -0.00000
40.21000 -0.00098
40.22000 -0.00098
40.23000 -0.00098
40.24000 -0.00098
40.25000 -0.00098
40.26000 -0.00098
40.27000 -0.00098
40.28000 -0.00000
40.29000 -0.00000
40.30000 -0.00000
40.31000 -0.00000
40.32000 -0.00000
40.33000 -0.00000
40.34000 0.00000
40.35000 0.00000
40.36000 0.00098
40.37000 0.00098
40.38000 0.00098
40.39000 0.00098
40.40000 0.00098
40.41000 0.00000
40.42000 0.00000
40.43000 0.00000
40.44000 0.00000
40.45000 0.00000
40.46000 0.00000
40.47000 -0.00000
40.48000 -0.00000
40.49000 -0.00000
40.50000 -0.00000
40.51000 -0.00000
40.52000 -0.00000
40.53000 -0.00000
40.54000 -0.00000
40.55000 -0.00000
40.56000 -0.00000
40.57000 -0.00000
40.58000 -0.00000
40.59000 -0.00000
40.60000 -0.00000
40.61000 -0.00000
40.62000 -0.00000
40.63000 -0.00000
40.64000 -0.00000
40.65000 -0.00000
40.66000 -0.00000
40.67000 -0.00000
40.68000 -0.00000
40.69000 -0.00000
40.70000 -0.00000
40.71000 -0.00000
40.72000 -0.00000
40.73000 -0.00000
40.74000 -0.00000
40.75000 -0.00000
40.76000 -0.00000
40.77000 -0.00000
40.78000 -0.00000
40.79000 -0.00000
40.80000 -0.00000
40.81000 -0.00000
40.82000 -0.00000
40.83000 -0.00000
40.84000 -0.00000
40.85000 -0.00000
40.86000 -0.00000
40.87000 -0.00000
40.88000 -0.00000
40.89000 -0.00000
40.90000 -0.00000
