dt=0.01; //sampling data
-0.00250000000000000
-0.00250000000000000
-0.00250000000000000
-0.00240000000000000
-0.00240000000000000
-0.00230000000000000
-0.00230000000000000
-0.00240000000000000
-0.00240000000000000
-0.00230000000000000
-0.00230000000000000
-0.00230000000000000
-0.00230000000000000
-0.00210000000000000
-0.00200000000000000
-0.00200000000000000
-0.00220000000000000
-0.00230000000000000
-0.00230000000000000
-0.00220000000000000
-0.00210000000000000
-0.00200000000000000
-0.00190000000000000
-0.00200000000000000
-0.00210000000000000
-0.00220000000000000
-0.00210000000000000
-0.00180000000000000
-0.00150000000000000
-0.00130000000000000
-0.00160000000000000
-0.00240000000000000
-0.00280000000000000
-0.00240000000000000
-0.00170000000000000
-0.00140000000000000
-0.00140000000000000
-0.00130000000000000
-0.00200000000000000
-0.00300000000000000
-0.00300000000000000
-0.00200000000000000
-0.00120000000000000
-0.00170000000000000
-0.00250000000000000
-0.00160000000000000
-0.000300000000000000
-0.000700000000000000
-0.00210000000000000
-0.00270000000000000
-0.00170000000000000
-0.00150000000000000
-0.00200000000000000
-0.000900000000000000
-0.000100000000000000
-0.000600000000000000
-0.00180000000000000
-0.00170000000000000
-0.000500000000000000
-0.000700000000000000
-0.00110000000000000
-0.00100000000000000
-0.00120000000000000
-0.00200000000000000
-0.00230000000000000
-0.00190000000000000
-0.00100000000000000
-0.000500000000000000
-0.00110000000000000
-0.00170000000000000
-0.000300000000000000
0.00130000000000000
0.00120000000000000
-0.000500000000000000
-0.00130000000000000
-0.000500000000000000
0.000900000000000000
0.00100000000000000
0.00170000000000000
0.00270000000000000
0.00190000000000000
-0.000600000000000000
-0.00260000000000000
-0.00170000000000000
-0.000900000000000000
-0.00230000000000000
-0.00190000000000000
0.00190000000000000
0.00670000000000000
0.00490000000000000
-0.00340000000000000
-0.00800000000000000
-0.00560000000000000
-0.000100000000000000
0.00130000000000000
-0.00460000000000000
-0.00800000000000000
0.00110000000000000
0.0135000000000000
0.0128000000000000
0
-0.00950000000000000
-0.00380000000000000
0.00700000000000000
0.00790000000000000
0.00530000000000000
0.00870000000000000
0.00870000000000000
-0.00100000000000000
-0.00720000000000000
-0.000300000000000000
0.0122000000000000
0.00980000000000000
-0.00780000000000000
-0.0118000000000000
-0.00210000000000000
0.00310000000000000
0.00340000000000000
0.00180000000000000
0.00220000000000000
0.00530000000000000
0.00620000000000000
0.00390000000000000
-0.00210000000000000
-0.00990000000000000
-0.00670000000000000
0.00620000000000000
0.0114000000000000
0.00390000000000000
-0.00900000000000000
-0.0147000000000000
-0.00610000000000000
0.00800000000000000
0.0124000000000000
0.00600000000000000
0.000800000000000000
-0.00350000000000000
-0.00920000000000000
-0.0104000000000000
0.000200000000000000
0.0105000000000000
0.0165000000000000
0.00270000000000000
-0.0207000000000000
-0.0166000000000000
0.00230000000000000
0.0118000000000000
0.00110000000000000
-0.0182000000000000
-0.0191000000000000
-0.00220000000000000
0.0131000000000000
0.0173000000000000
0.0130000000000000
0.00310000000000000
-0.0102000000000000
-0.0242000000000000
-0.0231000000000000
0.00220000000000000
0.0310000000000000
0.0383000000000000
0.0148000000000000
-0.00800000000000000
-0.0130000000000000
-0.00510000000000000
0.000700000000000000
0.00460000000000000
0.0109000000000000
0.0123000000000000
0.00480000000000000
-0.00610000000000000
-0.0114000000000000
0.00930000000000000
0.0338000000000000
0.0382000000000000
0.0174000000000000
-0.000400000000000000
0.000200000000000000
0.0175000000000000
0.0350000000000000
0.0184000000000000
-0.0233000000000000
-0.0282000000000000
-0.00530000000000000
0.0151000000000000
0.0174000000000000
0.000400000000000000
-0.0116000000000000
-0.00460000000000000
0.0103000000000000
0.00920000000000000
0.00910000000000000
0.0177000000000000
0.0251000000000000
0.0267000000000000
-0.00210000000000000
-0.0310000000000000
-0.0120000000000000
0.0285000000000000
0.0366000000000000
0.00870000000000000
-0.0182000000000000
-0.0271000000000000
-0.0228000000000000
-0.000700000000000000
0.0336000000000000
0.0544000000000000
0.0235000000000000
-0.0344000000000000
-0.0458000000000000
-0.0117000000000000
0.0175000000000000
0.0200000000000000
0.00910000000000000
0.00190000000000000
-0.00420000000000000
-0.00170000000000000
0.00490000000000000
0.00890000000000000
0.0120000000000000
0.00420000000000000
-0.0133000000000000
-0.0312000000000000
-0.0381000000000000
-0.0314000000000000
-0.0109000000000000
0.0151000000000000
0.0380000000000000
0.0401000000000000
0.00520000000000000
-0.0220000000000000
-0.00850000000000000
0.0288000000000000
0.0566000000000000
0.0398000000000000
-0.0137000000000000
-0.0359000000000000
-0.0264000000000000
-0.0164000000000000
-0.0110000000000000
-0.00850000000000000
0.00130000000000000
0.00800000000000000
-0.0164000000000000
-0.0442000000000000
-0.0212000000000000
0.0298000000000000
0.0585000000000000
0.0561000000000000
0.0277000000000000
-0.0171000000000000
-0.0402000000000000
-0.0157000000000000
0.0254000000000000
0.0525000000000000
0.0248000000000000
-0.0503000000000000
-0.0926000000000000
-0.0405000000000000
0.0393000000000000
0.0555000000000000
0.0288000000000000
0.0154000000000000
0.0260000000000000
0.0151000000000000
-0.0262000000000000
-0.0381000000000000
-0.00990000000000000
0.0297000000000000
0.0684000000000000
0.0920000000000000
0.0461000000000000
-0.0643000000000000
-0.101400000000000
-0.0242000000000000
0.0318000000000000
0.0317000000000000
0.0157000000000000
0.0223000000000000
0.0479000000000000
0.0642000000000000
0.0695000000000000
0.0276000000000000
-0.0581000000000000
-0.0771000000000000
-0.0278000000000000
0.0150000000000000
0.0150000000000000
-0.00140000000000000
0.0123000000000000
0.0411000000000000
0.0508000000000000
0.0423000000000000
0.0416000000000000
0.0127000000000000
-0.0526000000000000
-0.0665000000000000
-0.0265000000000000
-0.00310000000000000
-0.0458000000000000
-0.0955000000000000
-0.0589000000000000
0.0199000000000000
0.0424000000000000
0.00720000000000000
-0.0112000000000000
-0.0120000000000000
-0.0243000000000000
-0.0309000000000000
-0.0314000000000000
-0.0267000000000000
-0.00340000000000000
0.0391000000000000
0.0410000000000000
-0.0632000000000000
-0.0933000000000000
-0.000300000000000000
0.0204000000000000
0.00170000000000000
-0.0399000000000000
-0.0854000000000000
-0.0999000000000000
-0.0863000000000000
-0.0448000000000000
-0.00360000000000000
0.00270000000000000
-0.00730000000000000
-0.00480000000000000
-0.00870000000000000
-0.00940000000000000
0.0227000000000000
0.0348000000000000
0.00540000000000000
-0.0323000000000000
-0.0625000000000000
-0.0464000000000000
0.00350000000000000
0.0213000000000000
-0.000600000000000000
-0.0316000000000000
-0.0498000000000000
-0.0557000000000000
-0.0524000000000000
-0.0540000000000000
-0.0518000000000000
-0.0130000000000000
0.0483000000000000
0.0899000000000000
0.0641000000000000
-0.00270000000000000
-0.0424000000000000
-0.0289000000000000
-0.00900000000000000
-0.0117000000000000
0.00120000000000000
0.0515000000000000
0.0732000000000000
0.0288000000000000
-0.00740000000000000
0.0229000000000000
0.0630000000000000
0.0230000000000000
-0.0454000000000000
-0.0720000000000000
-0.0356000000000000
-0.00590000000000000
-0.0511000000000000
-0.107000000000000
-0.102400000000000
-0.0590000000000000
-0.0310000000000000
-0.0331000000000000
-0.0338000000000000
-0.00670000000000000
0.00940000000000000
-0.0131000000000000
-0.0351000000000000
-0.000800000000000000
0.0548000000000000
0.0966000000000000
0.103100000000000
0.0898000000000000
0.0901000000000000
0.0980000000000000
0.100300000000000
0.105200000000000
0.115600000000000
0.124300000000000
0.121600000000000
0.0982000000000000
0.0641000000000000
0.0413000000000000
0.0185000000000000
-0.0125000000000000
-0.0291000000000000
-0.0114000000000000
0.0350000000000000
0.0583000000000000
0.0227000000000000
-0.0308000000000000
-0.0175000000000000
0.0204000000000000
0.00990000000000000
-0.00650000000000000
0.0220000000000000
0.0821000000000000
0.133300000000000
0.134200000000000
0.0970000000000000
0.0675000000000000
0.0842000000000000
0.126800000000000
0.163000000000000
0.178000000000000
0.180100000000000
0.175400000000000
0.164500000000000
0.141200000000000
0.113900000000000
0.100300000000000
0.110100000000000
0.138200000000000
0.167700000000000
0.194700000000000
0.217000000000000
0.234000000000000
0.238800000000000
0.228700000000000
0.199800000000000
0.160200000000000
0.117800000000000
0.0599000000000000
0.00710000000000000
-0.0237000000000000
-0.0468000000000000
-0.0676000000000000
-0.0914000000000000
-0.103300000000000
-0.0812000000000000
-0.0418000000000000
-0.0145000000000000
0.000800000000000000
-0.000900000000000000
-0.0153000000000000
-0.0165000000000000
0.00220000000000000
0.0201000000000000
0.0259000000000000
0.0109000000000000
-0.0117000000000000
-0.0332000000000000
-0.0524000000000000
-0.0622000000000000
-0.0717000000000000
-0.0810000000000000
-0.0924000000000000
-0.116400000000000
-0.151300000000000
-0.182900000000000
-0.195100000000000
-0.183100000000000
-0.163100000000000
-0.167100000000000
-0.211500000000000
-0.265000000000000
-0.282700000000000
-0.278000000000000
-0.268800000000000
-0.251500000000000
-0.235000000000000
-0.210300000000000
-0.175600000000000
-0.134200000000000
-0.0970000000000000
-0.0873000000000000
-0.0834000000000000
-0.0517000000000000
-0.0285000000000000
-0.0388000000000000
-0.0636000000000000
-0.105700000000000
-0.139800000000000
-0.100800000000000
0.0420000000000000
0.145200000000000
0.0883000000000000
0.0479000000000000
0.0286000000000000
-0.0348000000000000
-0.0879000000000000
-0.134900000000000
-0.179300000000000
-0.205100000000000
-0.212400000000000
-0.204800000000000
-0.191000000000000
-0.185000000000000
-0.185100000000000
-0.181100000000000
-0.164900000000000
-0.136300000000000
-0.101100000000000
-0.0736000000000000
-0.0671000000000000
-0.0681000000000000
-0.0581000000000000
-0.0405000000000000
-0.0132000000000000
0.0308000000000000
0.113500000000000
0.237900000000000
0.207900000000000
-0.0231000000000000
-0.0364000000000000
-0.0117000000000000
-0.0490000000000000
-0.0637000000000000
-0.0868000000000000
-0.0946000000000000
-0.104300000000000
-0.122800000000000
-0.137300000000000
-0.160500000000000
-0.178400000000000
-0.175400000000000
-0.133300000000000
-0.0644000000000000
0.000200000000000000
0.0466000000000000
0.0860000000000000
0.127900000000000
0.185600000000000
0.226900000000000
0.157800000000000
-0.0291000000000000
-0.113900000000000
-0.104600000000000
-0.0784000000000000
-0.00580000000000000
0.0841000000000000
0.178500000000000
0.253200000000000
0.297800000000000
0.311400000000000
0.319900000000000
0.329300000000000
0.310400000000000
0.227500000000000
0.0900000000000000
-0.0524000000000000
-0.203600000000000
-0.259900000000000
-0.183300000000000
-0.190600000000000
-0.239500000000000
-0.207600000000000
-0.179900000000000
-0.158400000000000
-0.137800000000000
-0.126400000000000
-0.114900000000000
-0.136700000000000
-0.164100000000000
-0.159300000000000
-0.131700000000000
-0.0808000000000000
-0.000500000000000000
0.0899000000000000
0.164700000000000
0.219500000000000
0.263000000000000
0.292800000000000
0.300600000000000
0.268400000000000
0.200200000000000
0.127900000000000
0.0575000000000000
-0.00340000000000000
-0.0453000000000000
-0.0811000000000000
-0.114700000000000
-0.121100000000000
-0.0822000000000000
-0.0320000000000000
0.0155000000000000
0.0732000000000000
0.148800000000000
0.211000000000000
0.238100000000000
0.241700000000000
0.235800000000000
0.221700000000000
0.202600000000000
0.186600000000000
0.174800000000000
0.150400000000000
0.0969000000000000
0.0281000000000000
-0.0334000000000000
-0.0800000000000000
-0.122700000000000
-0.150100000000000
-0.149700000000000
-0.150500000000000
-0.141500000000000
-0.0867000000000000
-0.0187000000000000
0.0261000000000000
0.0673000000000000
0.0984000000000000
0.115900000000000
0.117400000000000
0.0988000000000000
0.0662000000000000
0.0246000000000000
-0.0216000000000000
-0.0708000000000000
-0.139700000000000
-0.177000000000000
-0.148900000000000
-0.119400000000000
-0.119400000000000
-0.117600000000000
-0.119800000000000
-0.133800000000000
-0.135900000000000
-0.110000000000000
-0.0582000000000000
0.0100000000000000
0.0928000000000000
0.179000000000000
0.255300000000000
0.313400000000000
0.346300000000000
0.367400000000000
0.354900000000000
0.290000000000000
0.181700000000000
0.0784000000000000
-0.00110000000000000
-0.0243000000000000
0.0272000000000000
0.0798000000000000
0.111200000000000
0.138900000000000
0.153200000000000
0.158200000000000
0.152200000000000
0.139500000000000
0.125000000000000
0.104800000000000
0.0714000000000000
0.0217000000000000
-0.0311000000000000
-0.0583000000000000
-0.0487000000000000
0.00620000000000000
0.0295000000000000
0.0125000000000000
0.00900000000000000
0.0141000000000000
0.0205000000000000
0.0296000000000000
0.0295000000000000
0.0145000000000000
-0.00880000000000000
-0.0334000000000000
-0.0464000000000000
-0.0455000000000000
-0.0435000000000000
-0.0661000000000000
-0.0919000000000000
-0.110200000000000
-0.133300000000000
-0.154400000000000
-0.168100000000000
-0.174900000000000
-0.172700000000000
-0.157000000000000
-0.125500000000000
-0.0747000000000000
-0.0273000000000000
0.00590000000000000
0.0286000000000000
0.0358000000000000
0.0351000000000000
0.0245000000000000
-0.000500000000000000
-0.0380000000000000
-0.0844000000000000
-0.131400000000000
-0.165600000000000
-0.183100000000000
-0.172300000000000
-0.145000000000000
-0.115500000000000
-0.0996000000000000
-0.107300000000000
-0.120600000000000
-0.111400000000000
-0.0796000000000000
-0.0479000000000000
-0.0249000000000000
-0.0168000000000000
-0.0148000000000000
-0.0227000000000000
-0.0417000000000000
-0.0696000000000000
-0.0880000000000000
-0.0815000000000000
-0.0588000000000000
-0.0305000000000000
-0.00710000000000000
0.0198000000000000
0.0491000000000000
0.0702000000000000
0.0830000000000000
0.0864000000000000
0.0823000000000000
0.0806000000000000
0.0810000000000000
0.0782000000000000
0.0698000000000000
0.0626000000000000
0.0542000000000000
0.0452000000000000
0.0319000000000000
0.00370000000000000
-0.0370000000000000
-0.0688000000000000
-0.0737000000000000
-0.0473000000000000
-0.0156000000000000
0.00880000000000000
0.0323000000000000
0.0638000000000000
0.0907000000000000
0.108000000000000
0.114600000000000
0.106300000000000
0.0916000000000000
0.0754000000000000
0.0597000000000000
0.0426000000000000
0.0224000000000000
0.00230000000000000
-0.0129000000000000
-0.0324000000000000
-0.0545000000000000
-0.0689000000000000
-0.0762000000000000
-0.0701000000000000
-0.0560000000000000
-0.0402000000000000
-0.0215000000000000
0.00210000000000000
0.0258000000000000
0.0491000000000000
0.0707000000000000
0.0846000000000000
0.0822000000000000
0.0604000000000000
0.0231000000000000
-0.00770000000000000
-0.0239000000000000
-0.0384000000000000
-0.0574000000000000
-0.0818000000000000
-0.100100000000000
-0.101100000000000
-0.0788000000000000
-0.0486000000000000
-0.0208000000000000
0.00940000000000000
0.0391000000000000
0.0658000000000000
0.0928000000000000
0.108300000000000
0.101200000000000
0.0702000000000000
0.0440000000000000
0.0462000000000000
0.0663000000000000
0.0786000000000000
0.0832000000000000
0.0801000000000000
0.0814000000000000
0.0888000000000000
0.0916000000000000
0.0809000000000000
0.0621000000000000
0.0335000000000000
-0.00430000000000000
-0.0459000000000000
-0.0800000000000000
-0.0958000000000000
-0.0874000000000000
-0.0708000000000000
-0.0565000000000000
-0.0453000000000000
-0.0322000000000000
-0.0176000000000000
-0.00480000000000000
0.00100000000000000
-0.00720000000000000
-0.0210000000000000
-0.0363000000000000
-0.0473000000000000
-0.0476000000000000
-0.0468000000000000
-0.0461000000000000
-0.0477000000000000
-0.0510000000000000
-0.0570000000000000
-0.0597000000000000
-0.0465000000000000
-0.0242000000000000
0.000900000000000000
0.0198000000000000
0.0307000000000000
0.0332000000000000
0.0316000000000000
0.0349000000000000
0.0306000000000000
0.0187000000000000
0.00510000000000000
-0.0107000000000000
-0.0312000000000000
-0.0644000000000000
-0.0967000000000000
-0.115400000000000
-0.111100000000000
-0.0996000000000000
-0.0983000000000000
-0.0975000000000000
-0.0949000000000000
-0.0897000000000000
-0.0862000000000000
-0.0890000000000000
-0.0884000000000000
-0.0815000000000000
-0.0678000000000000
-0.0571000000000000
-0.0514000000000000
-0.0468000000000000
-0.0498000000000000
-0.0545000000000000
-0.0612000000000000
-0.0710000000000000
-0.0775000000000000
-0.0854000000000000
-0.0889000000000000
-0.0826000000000000
-0.0689000000000000
-0.0466000000000000
-0.0216000000000000
0.00640000000000000
0.0353000000000000
0.0614000000000000
0.0776000000000000
0.0771000000000000
0.0678000000000000
0.0715000000000000
0.0898000000000000
0.106500000000000
0.116900000000000
0.119800000000000
0.121900000000000
0.125100000000000
0.130600000000000
0.135200000000000
0.129500000000000
0.120600000000000
0.113300000000000
0.111200000000000
0.115600000000000
0.114400000000000
0.111400000000000
0.104600000000000
0.0940000000000000
0.0801000000000000
0.0634000000000000
0.0430000000000000
0.0228000000000000
0.00810000000000000
0.00300000000000000
0.0165000000000000
0.0294000000000000
0.0222000000000000
0.0134000000000000
0.0141000000000000
0.0152000000000000
0.0150000000000000
0.0157000000000000
0.0221000000000000
0.0305000000000000
0.0291000000000000
0.0221000000000000
0.0105000000000000
0.00220000000000000
-0.000300000000000000
-0.00390000000000000
-0.00920000000000000
-0.00200000000000000
0.00800000000000000
0.00990000000000000
-0.00150000000000000
-0.0152000000000000
-0.0272000000000000
-0.0304000000000000
-0.0328000000000000
-0.0590000000000000
-0.0905000000000000
-0.0844000000000000
-0.0468000000000000
-0.0184000000000000
0.00820000000000000
0.0377000000000000
0.0579000000000000
0.0660000000000000
0.0606000000000000
0.0445000000000000
0.0185000000000000
-0.00810000000000000
-0.0318000000000000
-0.0543000000000000
-0.0730000000000000
-0.0848000000000000
-0.0853000000000000
-0.0752000000000000
-0.0650000000000000
-0.0528000000000000
-0.0450000000000000
-0.0384000000000000
-0.0310000000000000
-0.0223000000000000
-0.0145000000000000
-0.00760000000000000
-0.00220000000000000
-0.000800000000000000
0
0.000200000000000000
0.00610000000000000
0.0116000000000000
0.0103000000000000
0.00100000000000000
-0.0136000000000000
-0.0331000000000000
-0.0579000000000000
-0.0752000000000000
-0.0768000000000000
-0.0718000000000000
-0.0707000000000000
-0.0720000000000000
-0.0726000000000000
-0.0673000000000000
-0.0549000000000000
-0.0403000000000000
-0.0242000000000000
-0.00950000000000000
0.000300000000000000
0.00780000000000000
0.00530000000000000
-0.00940000000000000
-0.0287000000000000
-0.0400000000000000
-0.0407000000000000
-0.0339000000000000
-0.0218000000000000
-0.00680000000000000
0.00700000000000000
0.0161000000000000
0.0257000000000000
0.0342000000000000
0.0406000000000000
0.0404000000000000
0.0211000000000000
-0.00540000000000000
-0.0253000000000000
-0.0415000000000000
-0.0557000000000000
-0.0651000000000000
-0.0657000000000000
-0.0541000000000000
-0.0382000000000000
-0.0274000000000000
-0.0198000000000000
-0.0102000000000000
0.00380000000000000
0.0127000000000000
0.0125000000000000
0.0137000000000000
0.0241000000000000
0.0295000000000000
0.0326000000000000
0.0333000000000000
0.0330000000000000
0.0254000000000000
0.0101000000000000
0.00260000000000000
0.00800000000000000
0.0221000000000000
0.0421000000000000
0.0588000000000000
0.0667000000000000
0.0697000000000000
0.0674000000000000
0.0656000000000000
0.0685000000000000
0.0823000000000000
0.103600000000000
0.122500000000000
0.126100000000000
0.111200000000000
0.0825000000000000
0.0495000000000000
0.0212000000000000
-0.00540000000000000
-0.0320000000000000
-0.0505000000000000
-0.0551000000000000
-0.0473000000000000
-0.0312000000000000
-0.0143000000000000
0.000600000000000000
0.0135000000000000
0.0250000000000000
0.0372000000000000
0.0479000000000000
0.0584000000000000
0.0643000000000000
0.0621000000000000
0.0531000000000000
0.0454000000000000
0.0490000000000000
0.0555000000000000
0.0559000000000000
0.0523000000000000
0.0501000000000000
0.0574000000000000
0.0674000000000000
0.0754000000000000
0.0757000000000000
0.0731000000000000
0.0671000000000000
0.0593000000000000
0.0511000000000000
0.0388000000000000
0.0189000000000000
-0.00220000000000000
-0.0180000000000000
-0.0316000000000000
-0.0435000000000000
-0.0546000000000000
-0.0621000000000000
-0.0621000000000000
-0.0506000000000000
-0.0362000000000000
-0.0205000000000000
-0.00700000000000000
0.00270000000000000
0.00920000000000000
0.0164000000000000
0.0210000000000000
0.0263000000000000
0.0351000000000000
0.0381000000000000
0.0354000000000000
0.0224000000000000
0.00210000000000000
-0.0193000000000000
-0.0366000000000000
-0.0483000000000000
-0.0513000000000000
-0.0521000000000000
-0.0584000000000000
-0.0647000000000000
-0.0629000000000000
-0.0518000000000000
-0.0406000000000000
-0.0285000000000000
-0.0168000000000000
-0.0149000000000000
-0.0183000000000000
-0.0244000000000000
-0.0302000000000000
-0.0295000000000000
-0.0296000000000000
-0.0333000000000000
-0.0410000000000000
-0.0507000000000000
-0.0515000000000000
-0.0370000000000000
-0.0128000000000000
0.0129000000000000
0.0317000000000000
0.0457000000000000
0.0506000000000000
0.0436000000000000
0.0275000000000000
0.00270000000000000
-0.0184000000000000
-0.0290000000000000
-0.0361000000000000
-0.0435000000000000
-0.0511000000000000
-0.0565000000000000
-0.0562000000000000
-0.0514000000000000
-0.0467000000000000
-0.0439000000000000
-0.0416000000000000
-0.0413000000000000
-0.0409000000000000
-0.0374000000000000
-0.0319000000000000
-0.0236000000000000
-0.0166000000000000
-0.0133000000000000
-0.00640000000000000
0.000500000000000000
-0.000600000000000000
-0.0128000000000000
-0.0264000000000000
-0.0300000000000000
-0.0235000000000000
-0.0168000000000000
-0.0116000000000000
0.00110000000000000
0.0176000000000000
0.0274000000000000
0.0281000000000000
0.0172000000000000
0.0102000000000000
0.00490000000000000
-0.00410000000000000
-0.0186000000000000
-0.0325000000000000
-0.0397000000000000
-0.0456000000000000
-0.0533000000000000
-0.0623000000000000
-0.0607000000000000
-0.0469000000000000
-0.0358000000000000
-0.0278000000000000
-0.0158000000000000
0
0.0122000000000000
0.0194000000000000
0.0233000000000000
0.0274000000000000
0.0317000000000000
0.0349000000000000
0.0388000000000000
0.0439000000000000
0.0513000000000000
0.0592000000000000
0.0623000000000000
0.0583000000000000
0.0473000000000000
0.0350000000000000
0.0269000000000000
0.0210000000000000
0.0155000000000000
0.0148000000000000
0.0211000000000000
0.0328000000000000
0.0468000000000000
0.0579000000000000
0.0613000000000000
0.0540000000000000
0.0451000000000000
0.0372000000000000
0.0291000000000000
0.0210000000000000
0.0167000000000000
0.0160000000000000
0.0203000000000000
0.0229000000000000
0.0244000000000000
0.0207000000000000
0.0152000000000000
0.0129000000000000
0.0160000000000000
0.0209000000000000
0.0227000000000000
0.0233000000000000
0.0300000000000000
0.0417000000000000
0.0526000000000000
0.0532000000000000
0.0500000000000000
0.0476000000000000
0.0403000000000000
0.0282000000000000
0.0150000000000000
0.00610000000000000
0.00230000000000000
0.00210000000000000
0.00130000000000000
0.00140000000000000
0.00440000000000000
0.00660000000000000
0.00130000000000000
-0.00820000000000000
-0.0155000000000000
-0.0223000000000000
-0.0277000000000000
-0.0326000000000000
-0.0379000000000000
-0.0433000000000000
-0.0446000000000000
-0.0358000000000000
-0.0261000000000000
-0.0191000000000000
-0.0156000000000000
-0.0135000000000000
-0.00990000000000000
-0.00400000000000000
-0.00150000000000000
-0.00410000000000000
-0.00790000000000000
-0.00930000000000000
-0.00530000000000000
-0.00260000000000000
-0.00200000000000000
-0.00690000000000000
-0.0121000000000000
-0.0149000000000000
-0.0131000000000000
-0.00420000000000000
0.00900000000000000
0.0203000000000000
0.0280000000000000
0.0357000000000000
0.0455000000000000
0.0524000000000000
0.0571000000000000
0.0556000000000000
0.0439000000000000
0.0279000000000000
0.0134000000000000
0.00540000000000000
0.00240000000000000
0.00260000000000000
0.00430000000000000
0.00390000000000000
0.00190000000000000
0.00190000000000000
0.00420000000000000
0.00660000000000000
0.00930000000000000
0.00940000000000000
0.00970000000000000
0.00830000000000000
0.00330000000000000
-0.00380000000000000
-0.0102000000000000
-0.0169000000000000
-0.0245000000000000
-0.0325000000000000
-0.0385000000000000
-0.0372000000000000
-0.0270000000000000
-0.0174000000000000
-0.0120000000000000
-0.00620000000000000
0.00330000000000000
0.0161000000000000
0.0258000000000000
0.0275000000000000
0.0246000000000000
0.0186000000000000
0.0115000000000000
0.00210000000000000
-0.00750000000000000
-0.0175000000000000
-0.0266000000000000
-0.0375000000000000
-0.0457000000000000
-0.0472000000000000
-0.0458000000000000
-0.0488000000000000
-0.0520000000000000
-0.0504000000000000
-0.0429000000000000
-0.0362000000000000
-0.0390000000000000
-0.0472000000000000
-0.0540000000000000
-0.0542000000000000
-0.0470000000000000
-0.0452000000000000
-0.0493000000000000
-0.0572000000000000
-0.0658000000000000
-0.0705000000000000
-0.0714000000000000
-0.0669000000000000
-0.0591000000000000
-0.0470000000000000
-0.0255000000000000
-0.00160000000000000
0.0202000000000000
0.0424000000000000
0.0563000000000000
0.0686000000000000
0.0690000000000000
0.0599000000000000
0.0417000000000000
0.0232000000000000
0.0108000000000000
-0.00120000000000000
-0.0125000000000000
-0.0255000000000000
-0.0352000000000000
-0.0374000000000000
-0.0351000000000000
-0.0273000000000000
-0.0168000000000000
-0.00450000000000000
0.00940000000000000
0.0204000000000000
0.0284000000000000
0.0327000000000000
0.0329000000000000
0.0279000000000000
0.0200000000000000
0.0127000000000000
0.00580000000000000
0.00170000000000000
-0.000100000000000000
-0.000700000000000000
-0.00330000000000000
-0.0110000000000000
-0.0180000000000000
-0.0186000000000000
-0.0168000000000000
-0.0169000000000000
-0.0136000000000000
-0.00490000000000000
0.00320000000000000
0.00670000000000000
0.00610000000000000
0.00670000000000000
0.00950000000000000
0.0136000000000000
0.0173000000000000
0.0173000000000000
0.0151000000000000
0.0112000000000000
0.00230000000000000
-0.00210000000000000
0.00100000000000000
0.00490000000000000
0.00780000000000000
0.0114000000000000
0.0137000000000000
0.0171000000000000
0.0223000000000000
0.0286000000000000
0.0346000000000000
0.0412000000000000
0.0439000000000000
0.0429000000000000
0.0376000000000000
0.0315000000000000
0.0246000000000000
0.0173000000000000
0.00850000000000000
0.000700000000000000
-0.00550000000000000
-0.0108000000000000
-0.00950000000000000
-0.00500000000000000
-0.00140000000000000
0.00150000000000000
0.000500000000000000
-0.00130000000000000
0.00330000000000000
0.0108000000000000
0.0202000000000000
0.0314000000000000
0.0417000000000000
0.0500000000000000
0.0512000000000000
0.0424000000000000
0.0228000000000000
0.000600000000000000
-0.0155000000000000
-0.0230000000000000
-0.0201000000000000
-0.0105000000000000
0.000900000000000000
0.0126000000000000
0.0182000000000000
0.0219000000000000
0.0233000000000000
0.0207000000000000
0.0175000000000000
0.0127000000000000
0.0176000000000000
0.0284000000000000
0.0372000000000000
0.0357000000000000
0.0240000000000000
0.0122000000000000
0.000500000000000000
-0.00470000000000000
-0.00750000000000000
-0.00550000000000000
-0.00580000000000000
-0.00690000000000000
-0.0121000000000000
-0.0205000000000000
-0.0281000000000000
-0.0284000000000000
-0.0249000000000000
-0.0217000000000000
-0.0236000000000000
-0.0279000000000000
-0.0289000000000000
-0.0259000000000000
-0.0167000000000000
-0.00420000000000000
0.00810000000000000
0.0141000000000000
0.0133000000000000
0.00630000000000000
-0.00240000000000000
-0.0123000000000000
-0.0187000000000000
-0.0220000000000000
-0.0236000000000000
-0.0263000000000000
-0.0281000000000000
-0.0285000000000000
-0.0315000000000000
-0.0333000000000000
-0.0317000000000000
-0.0260000000000000
-0.0193000000000000
-0.0126000000000000
-0.00920000000000000
-0.00820000000000000
-0.0122000000000000
-0.0187000000000000
-0.0282000000000000
-0.0366000000000000
-0.0376000000000000
-0.0310000000000000
-0.0208000000000000
-0.0141000000000000
-0.0105000000000000
-0.0115000000000000
-0.0173000000000000
-0.0251000000000000
-0.0327000000000000
-0.0380000000000000
-0.0360000000000000
-0.0309000000000000
-0.0258000000000000
-0.0212000000000000
-0.0185000000000000
-0.0192000000000000
-0.0198000000000000
-0.0143000000000000
-0.00870000000000000
-0.00280000000000000
-0.000400000000000000
-0.00300000000000000
-0.00540000000000000
-0.00440000000000000
-0.00140000000000000
-0.00290000000000000
-0.00670000000000000
-0.00560000000000000
0.000700000000000000
0.00720000000000000
0.0134000000000000
0.0161000000000000
0.0167000000000000
0.0163000000000000
0.0103000000000000
0.000900000000000000
-0.00320000000000000
-0.00290000000000000
0
0.000800000000000000
0.000200000000000000
0.00300000000000000
0.0100000000000000
0.0184000000000000
0.0220000000000000
0.0202000000000000
0.0206000000000000
0.0205000000000000
0.0133000000000000
0.000200000000000000
-0.0120000000000000
-0.0220000000000000
-0.0247000000000000
-0.0256000000000000
-0.0296000000000000
-0.0333000000000000
-0.0383000000000000
-0.0411000000000000
-0.0432000000000000
-0.0431000000000000
-0.0350000000000000
-0.0239000000000000
-0.0111000000000000
-0.00330000000000000
0.00150000000000000
0.00990000000000000
0.0251000000000000
0.0428000000000000
0.0538000000000000
0.0583000000000000
0.0570000000000000
0.0527000000000000
0.0461000000000000
0.0360000000000000
0.0282000000000000
0.0240000000000000
0.0249000000000000
0.0284000000000000
0.0306000000000000
0.0323000000000000
0.0261000000000000
0.0193000000000000
0.0137000000000000
0.00970000000000000
0.00640000000000000
0.00240000000000000
-0.00490000000000000
-0.0119000000000000
-0.0158000000000000
-0.0195000000000000
-0.0230000000000000
-0.0265000000000000
-0.0261000000000000
-0.0236000000000000
-0.0203000000000000
-0.0136000000000000
-0.00660000000000000
0.000400000000000000
0.00820000000000000
0.0151000000000000
0.0190000000000000
0.0187000000000000
0.0166000000000000
0.00760000000000000
-0.00410000000000000
-0.0141000000000000
-0.0241000000000000
-0.0333000000000000
-0.0392000000000000
-0.0439000000000000
-0.0489000000000000
-0.0485000000000000
-0.0430000000000000
-0.0386000000000000
-0.0336000000000000
-0.0295000000000000
-0.0264000000000000
-0.0204000000000000
-0.0121000000000000
-0.00470000000000000
0.00170000000000000
0.00600000000000000
0.0108000000000000
0.0136000000000000
0.0114000000000000
0.00680000000000000
0.00410000000000000
0.00550000000000000
0.00870000000000000
0.00790000000000000
0.00350000000000000
-0.00110000000000000
-0.00400000000000000
-0.00670000000000000
-0.00820000000000000
-0.0119000000000000
-0.0183000000000000
-0.0224000000000000
-0.0178000000000000
-0.00730000000000000
0.00670000000000000
0.0187000000000000
0.0269000000000000
0.0312000000000000
0.0278000000000000
0.0233000000000000
0.0184000000000000
0.0133000000000000
0.0123000000000000
0.0188000000000000
0.0264000000000000
0.0302000000000000
0.0292000000000000
0.0209000000000000
0.0127000000000000
0.00630000000000000
0.00190000000000000
0.00250000000000000
0.0100000000000000
0.0191000000000000
0.0239000000000000
0.0271000000000000
0.0304000000000000
0.0326000000000000
0.0311000000000000
0.0234000000000000
0.0134000000000000
0.00120000000000000
-0.00790000000000000
-0.0145000000000000
-0.0171000000000000
-0.0122000000000000
-0.00880000000000000
-0.00770000000000000
-0.00750000000000000
-0.00270000000000000
0.00710000000000000
0.0191000000000000
0.0290000000000000
0.0349000000000000
0.0349000000000000
0.0378000000000000
0.0431000000000000
0.0454000000000000
0.0419000000000000
0.0342000000000000
0.0232000000000000
0.00930000000000000
-0.00220000000000000
-0.0130000000000000
-0.0219000000000000
-0.0274000000000000
-0.0350000000000000
-0.0438000000000000
-0.0454000000000000
-0.0370000000000000
-0.0248000000000000
-0.0136000000000000
-0.00210000000000000
0.00450000000000000
0.00500000000000000
0.00280000000000000
0.000500000000000000
0.00290000000000000
0.00660000000000000
0.00700000000000000
0.00120000000000000
-0.00140000000000000
0.000400000000000000
0.00300000000000000
-0.00110000000000000
-0.00940000000000000
-0.0190000000000000
-0.0253000000000000
-0.0278000000000000
-0.0285000000000000
-0.0319000000000000
-0.0396000000000000
-0.0463000000000000
-0.0501000000000000
-0.0522000000000000
-0.0527000000000000
-0.0534000000000000
-0.0601000000000000
-0.0699000000000000
-0.0756000000000000
-0.0774000000000000
-0.0698000000000000
-0.0577000000000000
-0.0457000000000000
-0.0370000000000000
-0.0247000000000000
-0.00830000000000000
0.00840000000000000
0.0232000000000000
0.0305000000000000
0.0261000000000000
0.0163000000000000
0.00810000000000000
0.00260000000000000
0.00120000000000000
0.00350000000000000
0.00360000000000000
0.00280000000000000
0.00460000000000000
0.00950000000000000
0.0180000000000000
0.0257000000000000
0.0308000000000000
0.0351000000000000
0.0381000000000000
0.0419000000000000
0.0455000000000000
0.0455000000000000
0.0424000000000000
0.0331000000000000
0.0256000000000000
0.0204000000000000
0.0199000000000000
0.0193000000000000
0.0208000000000000
0.0233000000000000
0.0249000000000000
0.0271000000000000
0.0297000000000000
0.0337000000000000
0.0374000000000000
0.0403000000000000
0.0375000000000000
0.0318000000000000
0.0269000000000000
0.0227000000000000
0.0176000000000000
0.0116000000000000
0.00240000000000000
-0.00750000000000000
-0.0196000000000000
-0.0298000000000000
-0.0330000000000000
-0.0286000000000000
-0.0190000000000000
-0.0104000000000000
-0.00280000000000000
0.00510000000000000
0.0113000000000000
0.0179000000000000
0.0254000000000000
0.0288000000000000
0.0293000000000000
0.0266000000000000
0.0211000000000000
0.0196000000000000
0.0192000000000000
0.0159000000000000
0.00930000000000000
0.00200000000000000
-0.000800000000000000
0.00160000000000000
0.00570000000000000
0.00760000000000000
0.00850000000000000
0.00790000000000000
0.00240000000000000
-0.00920000000000000
-0.0165000000000000
-0.0184000000000000
-0.0214000000000000
-0.0266000000000000
-0.0308000000000000
-0.0243000000000000
-0.0130000000000000
-0.00170000000000000
0.0115000000000000
0.0268000000000000
0.0405000000000000
0.0482000000000000
0.0465000000000000
0.0394000000000000
0.0275000000000000
0.0171000000000000
0.00920000000000000
0.00170000000000000
-0.00500000000000000
-0.00810000000000000
-0.00500000000000000
-0.00240000000000000
-0.00620000000000000
-0.00940000000000000
-0.00740000000000000
0.000100000000000000
0.00800000000000000
0.00960000000000000
0.00610000000000000
0.00270000000000000
0.00480000000000000
0.0103000000000000
0.0121000000000000
0.00880000000000000
0.00580000000000000
0.00210000000000000
-0.00290000000000000
-0.00650000000000000
-0.0117000000000000
-0.0179000000000000
-0.0189000000000000
-0.0151000000000000
-0.00590000000000000
0.00450000000000000
0.0136000000000000
0.0182000000000000
0.0163000000000000
0.00820000000000000
-0.00180000000000000
-0.0111000000000000
-0.0201000000000000
-0.0243000000000000
-0.0251000000000000
-0.0198000000000000
-0.0127000000000000
-0.00410000000000000
0.00490000000000000
0.0147000000000000
0.0223000000000000
0.0302000000000000
0.0326000000000000
0.0288000000000000
0.0231000000000000
0.0173000000000000
0.0151000000000000
0.00980000000000000
0.00200000000000000
-0.00140000000000000
-0.00140000000000000
0.000900000000000000
0.00410000000000000
0.00740000000000000
0.0127000000000000
0.0188000000000000
0.0206000000000000
0.0186000000000000
0.0173000000000000
0.0135000000000000
0.0111000000000000
0.00940000000000000
0.0108000000000000
0.0143000000000000
0.0156000000000000
0.0131000000000000
0.00930000000000000
0.00210000000000000
-0.00800000000000000
-0.0187000000000000
-0.0290000000000000
-0.0366000000000000
-0.0409000000000000
-0.0387000000000000
-0.0337000000000000
-0.0269000000000000
-0.0221000000000000
-0.0209000000000000
-0.0236000000000000
-0.0268000000000000
-0.0294000000000000
-0.0317000000000000
-0.0344000000000000
-0.0337000000000000
-0.0353000000000000
-0.0401000000000000
-0.0443000000000000
-0.0499000000000000
-0.0546000000000000
-0.0571000000000000
-0.0580000000000000
-0.0551000000000000
-0.0510000000000000
-0.0453000000000000
-0.0362000000000000
-0.0269000000000000
-0.0163000000000000
-0.00370000000000000
0.00860000000000000
0.0152000000000000
0.0210000000000000
0.0207000000000000
0.0141000000000000
0.0102000000000000
0.00460000000000000
0.000400000000000000
-0.00270000000000000
-0.00660000000000000
-0.00950000000000000
-0.0102000000000000
-0.0109000000000000
-0.00690000000000000
-0.00130000000000000
0.00710000000000000
0.0166000000000000
0.0232000000000000
0.0280000000000000
0.0276000000000000
0.0279000000000000
0.0264000000000000
0.0234000000000000
0.0196000000000000
0.0136000000000000
0.00830000000000000
0.00460000000000000
0.00430000000000000
0.00720000000000000
0.0106000000000000
0.0135000000000000
0.0212000000000000
0.0303000000000000
0.0339000000000000
0.0376000000000000
0.0379000000000000
0.0359000000000000
0.0328000000000000
0.0248000000000000
0.0152000000000000
0.00520000000000000
-0.000400000000000000
-0.00280000000000000
-0.00350000000000000
-0.00390000000000000
-0.00680000000000000
-0.00660000000000000
-0.00720000000000000
-0.00880000000000000
-0.00430000000000000
0.00290000000000000
0.0141000000000000
0.0240000000000000
0.0319000000000000
0.0371000000000000
0.0408000000000000
0.0391000000000000
0.0310000000000000
0.0185000000000000
0.00820000000000000
-0.000900000000000000
-0.00670000000000000
-0.0120000000000000
-0.0205000000000000
-0.0247000000000000
-0.0210000000000000
-0.0144000000000000
-0.00830000000000000
-0.00560000000000000
-0.00130000000000000
0.00270000000000000
0.00170000000000000
-0.00130000000000000
-0.00590000000000000
-0.0120000000000000
-0.0170000000000000
-0.0221000000000000
-0.0243000000000000
-0.0219000000000000
-0.0182000000000000
-0.0142000000000000
-0.0124000000000000
-0.0117000000000000
-0.00310000000000000
0.00920000000000000
0.0191000000000000
0.0247000000000000
0.0250000000000000
0.0298000000000000
0.0363000000000000
0.0391000000000000
0.0372000000000000
0.0336000000000000
0.0341000000000000
0.0339000000000000
0.0314000000000000
0.0238000000000000
0.0145000000000000
0.00690000000000000
-0.00420000000000000
-0.0126000000000000
-0.0146000000000000
-0.0140000000000000
-0.0106000000000000
-0.00630000000000000
-0.00500000000000000
-0.00260000000000000
-0.00250000000000000
-0.00780000000000000
-0.0169000000000000
-0.0270000000000000
-0.0339000000000000
-0.0359000000000000
-0.0340000000000000
-0.0307000000000000
-0.0282000000000000
-0.0258000000000000
-0.0243000000000000
-0.0242000000000000
-0.0245000000000000
-0.0244000000000000
-0.0248000000000000
-0.0248000000000000
-0.0238000000000000
-0.0231000000000000
-0.0203000000000000
-0.0161000000000000
-0.00990000000000000
-0.00380000000000000
0.00120000000000000
0.00840000000000000
0.0149000000000000
0.0202000000000000
0.0221000000000000
0.0207000000000000
0.0183000000000000
0.0137000000000000
0.00900000000000000
0.00230000000000000
-0.00340000000000000
-0.00660000000000000
-0.00940000000000000
-0.00980000000000000
-0.00980000000000000
-0.00820000000000000
-0.00610000000000000
-0.00550000000000000
-0.00440000000000000
-0.00110000000000000
0.000200000000000000
0.00230000000000000
0.00340000000000000
0.00580000000000000
0.00710000000000000
0.00830000000000000
0.00980000000000000
0.0137000000000000
0.0185000000000000
0.0208000000000000
0.0210000000000000
0.0176000000000000
0.0133000000000000
0.0105000000000000
0.0122000000000000
0.0119000000000000
0.00810000000000000
0.00510000000000000
0.000500000000000000
-0.00450000000000000
-0.00730000000000000
-0.00840000000000000
-0.00350000000000000
0.00280000000000000
0.00670000000000000
0.00640000000000000
0.00720000000000000
0.00750000000000000
0.00930000000000000
0.0121000000000000
0.0147000000000000
0.0184000000000000
0.0179000000000000
0.0141000000000000
0.0108000000000000
0.00700000000000000
0.00500000000000000
0.00280000000000000
-0.000500000000000000
-0.00430000000000000
-0.00710000000000000
-0.00680000000000000
-0.00420000000000000
0.00290000000000000
0.00690000000000000
0.00570000000000000
0.00130000000000000
-0.00330000000000000
-0.00880000000000000
-0.0140000000000000
-0.0174000000000000
-0.0199000000000000
-0.0234000000000000
-0.0266000000000000
-0.0259000000000000
-0.0213000000000000
-0.0159000000000000
-0.00990000000000000
-0.00280000000000000
0.00470000000000000
0.0118000000000000
0.0165000000000000
0.0203000000000000
0.0207000000000000
0.0184000000000000
0.0143000000000000
0.00920000000000000
0.00340000000000000
-0.00250000000000000
-0.00620000000000000
-0.0104000000000000
-0.0138000000000000
-0.0151000000000000
-0.0135000000000000
-0.0113000000000000
-0.0126000000000000
-0.0141000000000000
-0.0137000000000000
-0.0112000000000000
-0.00560000000000000
-0.00310000000000000
-0.00150000000000000
-0.00160000000000000
-0.00310000000000000
-0.00600000000000000
-0.00700000000000000
-0.0104000000000000
-0.0153000000000000
-0.0164000000000000
-0.0138000000000000
-0.00970000000000000
-0.00490000000000000
0.000300000000000000
0.00400000000000000
0.00510000000000000
0.00480000000000000
0.00300000000000000
-0.000300000000000000
-0.00480000000000000
-0.0118000000000000
-0.0202000000000000
-0.0269000000000000
-0.0347000000000000
-0.0394000000000000
-0.0436000000000000
-0.0452000000000000
-0.0448000000000000
-0.0432000000000000
-0.0387000000000000
-0.0339000000000000
-0.0277000000000000
-0.0214000000000000
-0.0164000000000000
-0.0139000000000000
-0.0123000000000000
-0.00910000000000000
-0.00400000000000000
-0.00120000000000000
0.000400000000000000
-0.00170000000000000
-0.00250000000000000
0.000800000000000000
0.00560000000000000
0.0103000000000000
0.0146000000000000
0.0160000000000000
0.0174000000000000
0.0195000000000000
0.0182000000000000
0.0160000000000000
0.0141000000000000
0.0117000000000000
0.00920000000000000
0.00510000000000000
-0.000800000000000000
-0.00350000000000000
-0.00450000000000000
-0.00240000000000000
-0.00120000000000000
0.000600000000000000
0.00760000000000000
0.00810000000000000
0.00190000000000000
0.00200000000000000
0.00490000000000000
0.00860000000000000
0.0127000000000000
0.0171000000000000
0.0211000000000000
0.0252000000000000
0.0280000000000000
0.0281000000000000
0.0259000000000000
0.0223000000000000
0.0215000000000000
0.0241000000000000
0.0287000000000000
0.0317000000000000
0.0332000000000000
0.0306000000000000
0.0250000000000000
0.0199000000000000
0.0135000000000000
0.00960000000000000
0.00750000000000000
0.00450000000000000
0.00200000000000000
0.00210000000000000
0.00390000000000000
0.00510000000000000
0.00600000000000000
0.00380000000000000
0.00630000000000000
0.00820000000000000
0.00750000000000000
0.00800000000000000
0.00650000000000000
0.00510000000000000
0.00410000000000000
0.00170000000000000
0.00200000000000000
0.00370000000000000
0.00770000000000000
0.0118000000000000
0.0159000000000000
0.0190000000000000
0.0221000000000000
0.0232000000000000
0.0218000000000000
0.0178000000000000
0.0143000000000000
0.0110000000000000
0.00890000000000000
0.00570000000000000
0.00200000000000000
-0.000900000000000000
-0.00320000000000000
-0.00450000000000000
-0.00400000000000000
-0.00440000000000000
-0.00380000000000000
-0.00250000000000000
-0.00640000000000000
-0.00930000000000000
-0.0136000000000000
-0.0197000000000000
-0.0221000000000000
-0.0236000000000000
-0.0209000000000000
-0.0177000000000000
-0.0145000000000000
-0.0122000000000000
-0.00980000000000000
-0.00990000000000000
-0.0122000000000000
-0.0152000000000000
-0.0179000000000000
-0.0186000000000000
-0.0188000000000000
-0.0192000000000000
-0.0175000000000000
-0.0161000000000000
-0.0169000000000000
-0.0186000000000000
-0.0211000000000000
-0.0209000000000000
-0.0207000000000000
-0.0229000000000000
-0.0241000000000000
-0.0249000000000000
-0.0199000000000000
-0.0128000000000000
-0.00440000000000000
0.000600000000000000
0.00570000000000000
0.00810000000000000
0.00850000000000000
0.00570000000000000
0.000600000000000000
-0.00520000000000000
-0.0100000000000000
-0.0123000000000000
-0.0120000000000000
-0.0121000000000000
-0.0103000000000000
-0.00830000000000000
-0.00420000000000000
-0.000300000000000000
0.00200000000000000
0.00210000000000000
0.00510000000000000
0.00710000000000000
0.00830000000000000
0.0101000000000000
0.00830000000000000
0.00690000000000000
0.00440000000000000
0.00280000000000000
0.00390000000000000
0.00560000000000000
0.00550000000000000
0.00390000000000000
0.00170000000000000
-0.00180000000000000
-0.00520000000000000
-0.00910000000000000
-0.00840000000000000
-0.00910000000000000
-0.00860000000000000
-0.00640000000000000
-0.00570000000000000
-0.00510000000000000
-0.00700000000000000
-0.00820000000000000
-0.0114000000000000
-0.0128000000000000
-0.0115000000000000
-0.00790000000000000
-0.00240000000000000
0.00270000000000000
0.00800000000000000
0.0115000000000000
0.0143000000000000
0.0129000000000000
0.00890000000000000
0.00540000000000000
0.00230000000000000
-0.00180000000000000
-0.00490000000000000
-0.00510000000000000
-0.00350000000000000
-0.00100000000000000
0.00100000000000000
0.00290000000000000
0.00470000000000000
0.00520000000000000
0.00510000000000000
0.00550000000000000
0.00590000000000000
0.00550000000000000
0.00450000000000000
0.00330000000000000
0.00130000000000000
-0.000700000000000000
-0.00300000000000000
-0.00440000000000000
-0.00480000000000000
-0.00350000000000000
-0.00180000000000000
-0.000300000000000000
0.00280000000000000
0.00700000000000000
0.0105000000000000
0.0122000000000000
0.00870000000000000
0.00390000000000000
-0.00120000000000000
-0.00680000000000000
-0.0118000000000000
-0.0148000000000000
-0.0152000000000000
-0.0145000000000000
-0.0108000000000000
-0.00530000000000000
-0.000100000000000000
0.00420000000000000
0.00500000000000000
0.00580000000000000
0.00590000000000000
0.00780000000000000
0.00920000000000000
0.0117000000000000
0.0144000000000000
0.0160000000000000
0.0174000000000000
0.0192000000000000
0.0204000000000000
0.0203000000000000
0.0216000000000000
0.0222000000000000
0.0219000000000000
0.0230000000000000
0.0244000000000000
0.0250000000000000
0.0259000000000000
0.0262000000000000
0.0277000000000000
0.0293000000000000
0.0290000000000000
0.0268000000000000
0.0264000000000000
0.0252000000000000
0.0224000000000000
0.0213000000000000
0.0206000000000000
0.0198000000000000
0.0185000000000000
0.0163000000000000
0.0160000000000000
0.0162000000000000
0.0157000000000000
0.0134000000000000
0.0104000000000000
0.00830000000000000
0.00620000000000000
0.00570000000000000
0.00560000000000000
0.00520000000000000
0.00510000000000000
0.00570000000000000
0.00650000000000000
0.00600000000000000
0.00600000000000000
0.00550000000000000
0.00620000000000000
0.00660000000000000
0.00630000000000000
0.00480000000000000
0.00230000000000000
0.000500000000000000
0.00120000000000000
0.000800000000000000
-0.000200000000000000
-0.00250000000000000
-0.00560000000000000
-0.00980000000000000
-0.0130000000000000
-0.0145000000000000
-0.0151000000000000
-0.0157000000000000
-0.0171000000000000
-0.0181000000000000
-0.0191000000000000
-0.0188000000000000
-0.0169000000000000
-0.0149000000000000
-0.0124000000000000
-0.0102000000000000
-0.00900000000000000
-0.00900000000000000
-0.00820000000000000
-0.00810000000000000
-0.00840000000000000
-0.00960000000000000
-0.0117000000000000
-0.0133000000000000
-0.0133000000000000
-0.0134000000000000
-0.0136000000000000
-0.0135000000000000
-0.0135000000000000
-0.0135000000000000
-0.0135000000000000
-0.0136000000000000
-0.0147000000000000
-0.0170000000000000
-0.0191000000000000
-0.0225000000000000
-0.0258000000000000
-0.0285000000000000
-0.0313000000000000
-0.0332000000000000
-0.0335000000000000
-0.0328000000000000
-0.0310000000000000
-0.0284000000000000
-0.0251000000000000
-0.0212000000000000
-0.0176000000000000
-0.0152000000000000
-0.0129000000000000
-0.0115000000000000
-0.00900000000000000
-0.00470000000000000
-0.00220000000000000
-0.00220000000000000
-0.00360000000000000
-0.00670000000000000
-0.00880000000000000
-0.0108000000000000
-0.0135000000000000
-0.0130000000000000
-0.0116000000000000
-0.0101000000000000
-0.00860000000000000
-0.00700000000000000
-0.00400000000000000
-0.00180000000000000
-0.00160000000000000
-0.000200000000000000
0.00280000000000000
0.00330000000000000
0.00390000000000000
0.00350000000000000
0.000300000000000000
-0.00240000000000000
-0.00480000000000000
-0.00670000000000000
-0.00740000000000000
-0.00560000000000000
-0.00390000000000000
-0.00230000000000000
-0.00250000000000000
-0.00220000000000000
-0.000500000000000000
0.00170000000000000
0.00430000000000000
0.00590000000000000
0.00930000000000000
0.0114000000000000
0.0118000000000000
0.0120000000000000
0.0108000000000000
0.00760000000000000
0.00120000000000000
-0.00480000000000000
-0.00840000000000000
-0.00920000000000000
-0.00710000000000000
-0.00600000000000000
-0.00410000000000000
-0.00140000000000000
0.00130000000000000
0.00320000000000000
0.00330000000000000
0.00370000000000000
0.00460000000000000
0.00710000000000000
0.00950000000000000
0.0108000000000000
0.00950000000000000
0.00950000000000000
0.00840000000000000
0.00800000000000000
0.00730000000000000
0.00660000000000000
0.00370000000000000
0.000500000000000000
-0.00190000000000000
-0.00390000000000000
-0.00460000000000000
-0.00550000000000000
-0.00470000000000000
-0.00500000000000000
-0.00580000000000000
-0.00490000000000000
-0.00420000000000000
-0.00490000000000000
-0.00520000000000000
-0.00490000000000000
-0.00460000000000000
0.00100000000000000
0.00550000000000000
0.00540000000000000
0.00830000000000000
0.00820000000000000
0.00690000000000000
0.00580000000000000
0.00490000000000000
0.00460000000000000
0.00600000000000000
0.00540000000000000
0.00330000000000000
0.00230000000000000
0.000400000000000000
-0.00130000000000000
-0.00180000000000000
-0.000800000000000000
0.00100000000000000
0.00370000000000000
0.00620000000000000
0.00770000000000000
0.0110000000000000
0.0133000000000000
0.0140000000000000
0.0127000000000000
0.0102000000000000
0.00680000000000000
0.00390000000000000
0.000900000000000000
0.00100000000000000
0.00280000000000000
0.00560000000000000
0.00960000000000000
0.0127000000000000
0.0149000000000000
0.0173000000000000
0.0184000000000000
0.0198000000000000
0.0204000000000000
0.0207000000000000
0.0190000000000000
0.0165000000000000
0.0138000000000000
0.0103000000000000
0.00880000000000000
0.00660000000000000
0.00360000000000000
0.00170000000000000
-0.00110000000000000
-0.00230000000000000
-0.00190000000000000
-0.00330000000000000
-0.00400000000000000
-0.00300000000000000
-0.00230000000000000
-0.00270000000000000
-0.00300000000000000
-0.00340000000000000
-0.00390000000000000
-0.00430000000000000
-0.00530000000000000
-0.00630000000000000
-0.00930000000000000
-0.0105000000000000
-0.0103000000000000
-0.0106000000000000
-0.00840000000000000
-0.00580000000000000
-0.00470000000000000
-0.00250000000000000
-0.00150000000000000
-0.000500000000000000
-0.00120000000000000
-0.00340000000000000
-0.00280000000000000
-0.00130000000000000
-0.000300000000000000
0.000100000000000000
0.00170000000000000
0.00140000000000000
0.00170000000000000
0.00240000000000000
0.00350000000000000
0.00470000000000000
0.00610000000000000
0.00600000000000000
0.00790000000000000
0.00830000000000000
0.00800000000000000
0.00810000000000000
0.00650000000000000
0.00500000000000000
0.00290000000000000
0.00270000000000000
0.00300000000000000
0.00500000000000000
0.00800000000000000
0.0102000000000000
0.0129000000000000
0.0146000000000000
0.0152000000000000
0.0148000000000000
0.0120000000000000
0.00900000000000000
0.00530000000000000
0.00330000000000000
0.000200000000000000
-0.00160000000000000
-0.00260000000000000
-0.00290000000000000
-0.00280000000000000
-0.000900000000000000
0.000200000000000000
0.00160000000000000
0.00220000000000000
0.000700000000000000
0.00130000000000000
0.00310000000000000
0.00250000000000000
0.00260000000000000
0.000800000000000000
-0.000700000000000000
-0.00260000000000000
-0.00390000000000000
-0.00420000000000000
-0.00220000000000000
-0.000800000000000000
-0.000200000000000000
0.00130000000000000
0.00300000000000000
0.00350000000000000
0.00440000000000000
0.00410000000000000
0.00390000000000000
0.00490000000000000
0.00580000000000000
0.00440000000000000
0.00280000000000000
0.000700000000000000
0.00200000000000000
0.00260000000000000
0.00300000000000000
0.00370000000000000
0.00400000000000000
0.00270000000000000
0.00260000000000000
0.00190000000000000
0.00250000000000000
0.00140000000000000
0
-0.00210000000000000
-0.00460000000000000
-0.00440000000000000
-0.00460000000000000
-0.00440000000000000
-0.00460000000000000
-0.00540000000000000
-0.00710000000000000
-0.00910000000000000
-0.0101000000000000
-0.0108000000000000
-0.0106000000000000
-0.0117000000000000
-0.0128000000000000
-0.0134000000000000
-0.0157000000000000
-0.0171000000000000
-0.0168000000000000
-0.0163000000000000
-0.0152000000000000
-0.0136000000000000
-0.0125000000000000
-0.0103000000000000
-0.00790000000000000
-0.00580000000000000
-0.00480000000000000
-0.00500000000000000
-0.00490000000000000
-0.00640000000000000
-0.00800000000000000
-0.0101000000000000
-0.0120000000000000
-0.0124000000000000
-0.0131000000000000
-0.0111000000000000
-0.0102000000000000
-0.0106000000000000
-0.0102000000000000
-0.00990000000000000
-0.00890000000000000
-0.00860000000000000
-0.00690000000000000
-0.00640000000000000
-0.00410000000000000
-0.00120000000000000
-0.00110000000000000
0.000100000000000000
0.000200000000000000
0.000400000000000000
0.00190000000000000
0.00170000000000000
0.00340000000000000
0.00500000000000000
0.00510000000000000
0.00770000000000000
0.00880000000000000
0.0108000000000000
0.0125000000000000
0.0121000000000000
0.0123000000000000
0.0123000000000000
0.0109000000000000
0.00880000000000000
0.00780000000000000
0.00670000000000000
0.00750000000000000
0.00830000000000000
0.00680000000000000
0.00600000000000000
0.00530000000000000
0.00470000000000000
0.00510000000000000
0.00690000000000000
0.00810000000000000
0.00930000000000000
0.00920000000000000
0.00940000000000000
0.00890000000000000
0.00640000000000000
0.00440000000000000
0.00320000000000000
0.000900000000000000
-0.000800000000000000
-0.00130000000000000
-0.000200000000000000
-0.000100000000000000
0.000500000000000000
0.00160000000000000
0.00110000000000000
0.00180000000000000
0.00280000000000000
0.00240000000000000
0.00140000000000000
0.000600000000000000
-0.00160000000000000
-0.00320000000000000
-0.00510000000000000
-0.00660000000000000
-0.00640000000000000
-0.00500000000000000
-0.00380000000000000
-0.00310000000000000
-0.00160000000000000
-0.00100000000000000
0.000800000000000000
0.00290000000000000
0.00530000000000000
0.00870000000000000
0.0113000000000000
0.0131000000000000
0.0130000000000000
0.0116000000000000
0.0117000000000000
0.0106000000000000
0.0100000000000000
0.00840000000000000
0.00820000000000000
0.00950000000000000
0.00830000000000000
0.00820000000000000
0.00860000000000000
0.00820000000000000
0.00850000000000000
0.00730000000000000
0.00510000000000000
0.00400000000000000
0.00340000000000000
0.00220000000000000
-0.000100000000000000
-0.00210000000000000
-0.00400000000000000
-0.00780000000000000
-0.0102000000000000
-0.0112000000000000
-0.0107000000000000
-0.00950000000000000
-0.00780000000000000
-0.00650000000000000
-0.00790000000000000
-0.00800000000000000
-0.00760000000000000
-0.00810000000000000
-0.00730000000000000
-0.00630000000000000
-0.00680000000000000
-0.00660000000000000
-0.00550000000000000
-0.00500000000000000
-0.00350000000000000
-0.00280000000000000
-0.00320000000000000
-0.00290000000000000
-0.00360000000000000
-0.00520000000000000
-0.00530000000000000
-0.00590000000000000
-0.00750000000000000
-0.00640000000000000
-0.00650000000000000
-0.00750000000000000
-0.00750000000000000
-0.00770000000000000
-0.00530000000000000
-0.00320000000000000
-0.00300000000000000
-0.00130000000000000
-0.00140000000000000
-0.00150000000000000
-0.00120000000000000
-0.00120000000000000
-0.000600000000000000
-0.000800000000000000
0.000200000000000000
-0.00110000000000000
0.000300000000000000
0.000400000000000000
0
0.000500000000000000
0.00180000000000000
0.00270000000000000
0.00250000000000000
0.00260000000000000
0.00260000000000000
0.00250000000000000
0.00250000000000000
0.00260000000000000
0.00260000000000000
0.00170000000000000
-0.000800000000000000
-0.00100000000000000
0.000500000000000000
-0.000100000000000000
0.000100000000000000
-0.000200000000000000
-0.00260000000000000
-0.00390000000000000
-0.00620000000000000
-0.00790000000000000
-0.00840000000000000
-0.00970000000000000
-0.00940000000000000
-0.00890000000000000
-0.00810000000000000
-0.00760000000000000
-0.00660000000000000
-0.00380000000000000
-0.00260000000000000
0.000300000000000000
0.00200000000000000
0.00280000000000000
0.00310000000000000
0.00250000000000000
0.000200000000000000
0.000500000000000000
0.000900000000000000
0
-0.000100000000000000
0.00200000000000000
0.00230000000000000
0.00170000000000000
0.000900000000000000
-0.000500000000000000
-0.000300000000000000
-0.000200000000000000
-0.000300000000000000
0.000400000000000000
0.00190000000000000
0.00280000000000000
0.00360000000000000
0.00200000000000000
0.000900000000000000
0
0.00220000000000000
0.00740000000000000
0.00850000000000000
0.00810000000000000
0.00890000000000000
0.00810000000000000
0.00770000000000000
0.00740000000000000
0.00590000000000000
0.00390000000000000
0.00140000000000000
-0.000500000000000000
-0.00240000000000000
-0.00270000000000000
-0.00260000000000000
-0.00290000000000000
-0.00260000000000000
-0.00230000000000000
-0.000100000000000000
0.00230000000000000
0.00320000000000000
0.00610000000000000
0.00780000000000000
0.00800000000000000
0.0104000000000000
0.0105000000000000
0.0101000000000000
0.0104000000000000
0.00890000000000000
0.00860000000000000
0.00840000000000000
0.00770000000000000
0.00970000000000000
0.0134000000000000
0.0160000000000000
0.0188000000000000
0.0187000000000000
0.0182000000000000
0.0178000000000000
0.0154000000000000
0.0134000000000000
0.0115000000000000
0.00780000000000000
0.00450000000000000
0
-0.00490000000000000
-0.00550000000000000
-0.00530000000000000
-0.00390000000000000
0.000300000000000000
0.00200000000000000
0.00250000000000000
0.00400000000000000
0.00380000000000000
0.00280000000000000
0.00120000000000000
-0.000200000000000000
0
0
0.00200000000000000
0.00340000000000000
0.00500000000000000
0.00630000000000000
0.00550000000000000
0.00340000000000000
0.00100000000000000
-0.00160000000000000
-0.00440000000000000
-0.00540000000000000
-0.00510000000000000
-0.00360000000000000
-0.00280000000000000
-0.00170000000000000
0.000100000000000000
-0.000800000000000000
-0.00250000000000000
-0.00380000000000000
-0.00710000000000000
-0.0100000000000000
-0.0115000000000000
-0.0117000000000000
-0.0106000000000000
-0.00870000000000000
-0.00730000000000000
-0.00630000000000000
-0.00590000000000000
-0.00460000000000000
-0.00240000000000000
-0.00250000000000000
-0.00260000000000000
-0.00470000000000000
-0.00580000000000000
-0.00420000000000000
-0.00140000000000000
0.00130000000000000
0.00300000000000000
0.00240000000000000
-0.000200000000000000
-0.00360000000000000
-0.00840000000000000
-0.0109000000000000
-0.0131000000000000
-0.0126000000000000
-0.0104000000000000
-0.00850000000000000
-0.00690000000000000
-0.00580000000000000
-0.00400000000000000
-0.00280000000000000
-0.00320000000000000
-0.00290000000000000
-0.00470000000000000
-0.00630000000000000
-0.00720000000000000
-0.00820000000000000
-0.00790000000000000
-0.00820000000000000
-0.00900000000000000
-0.0110000000000000
-0.0113000000000000
-0.0121000000000000
-0.0119000000000000
-0.0108000000000000
-0.00960000000000000
-0.00910000000000000
-0.00810000000000000
-0.00860000000000000
-0.0105000000000000
-0.0128000000000000
-0.0158000000000000
-0.0161000000000000
-0.0173000000000000
-0.0173000000000000
-0.0158000000000000
-0.0148000000000000
-0.0133000000000000
-0.0105000000000000
-0.00720000000000000
-0.00370000000000000
-0.000600000000000000
-0.000500000000000000
-0.000300000000000000
-0.000100000000000000
-0.000300000000000000
-0.000300000000000000
-0.000300000000000000
-0.000600000000000000
-0.000800000000000000
0.000200000000000000
0.00140000000000000
0.00270000000000000
0.00500000000000000
0.00830000000000000
0.0108000000000000
0.0118000000000000
0.0121000000000000
0.00980000000000000
0.0106000000000000
0.0103000000000000
0.0100000000000000
0.00840000000000000
0.00720000000000000
0.00600000000000000
0.00450000000000000
0.00520000000000000
0.00530000000000000
0.00690000000000000
0.00830000000000000
0.00890000000000000
0.0101000000000000
0.0100000000000000
0.00860000000000000
0.00670000000000000
0.00460000000000000
0.00300000000000000
0.00180000000000000
0.000700000000000000
-0.000800000000000000
-0.000700000000000000
-0.00280000000000000
-0.00370000000000000
-0.00560000000000000
-0.00570000000000000
-0.00520000000000000
-0.00410000000000000
-0.00290000000000000
-0.00320000000000000
-0.00170000000000000
0
-0.000300000000000000
0.00220000000000000
0.00130000000000000
0.000100000000000000
0.00120000000000000
0.00140000000000000
0.00140000000000000
0.00280000000000000
0.00430000000000000
0.00590000000000000
0.00710000000000000
0.00730000000000000
0.00740000000000000
0.00690000000000000
0.00730000000000000
0.00800000000000000
0.00870000000000000
0.00840000000000000
0.00870000000000000
0.00850000000000000
0.00850000000000000
0.00850000000000000
0.00860000000000000
0.00940000000000000
0.0101000000000000
0.00970000000000000
0.00910000000000000
0.00760000000000000
0.00750000000000000
0.00640000000000000
0.00540000000000000
0.00400000000000000
0.00210000000000000
0.00240000000000000
0.00230000000000000
0.00280000000000000
0.00330000000000000
0.00340000000000000
0.00330000000000000
0.00390000000000000
0.00370000000000000
0.00440000000000000
0.00570000000000000
0.00730000000000000
0.00800000000000000
0.00870000000000000
0.00830000000000000
0.00920000000000000
0.00740000000000000
0.00610000000000000
0.00520000000000000
0.00480000000000000
0.00350000000000000
0.00150000000000000
-0.000600000000000000
-0.00120000000000000
-0.00130000000000000
0.000400000000000000
0.00170000000000000
0.00410000000000000
0.00490000000000000
0.00590000000000000
0.00600000000000000
0.00570000000000000
0.00380000000000000
0.000700000000000000
-0.000700000000000000
-0.000400000000000000
-0.000800000000000000
0.000100000000000000
0.00240000000000000
0.00320000000000000
0.00430000000000000
0.00600000000000000
0.00570000000000000
0.00600000000000000
0.00640000000000000
0.00640000000000000
0.00590000000000000
0.00630000000000000
0.00610000000000000
0.00590000000000000
0.00500000000000000
0.00290000000000000
0.00260000000000000
0.000300000000000000
-0.000700000000000000
-0.00220000000000000
-0.00210000000000000
-0.00330000000000000
-0.00440000000000000
-0.00490000000000000
-0.00430000000000000
-0.00330000000000000
-0.00230000000000000
0
0.000700000000000000
0.00250000000000000
0.00370000000000000
0.00290000000000000
0.00430000000000000
0.00460000000000000
0.00210000000000000
0.00170000000000000
0.00140000000000000
0.000100000000000000
0.00110000000000000
0.00200000000000000
0.00170000000000000
0.00270000000000000
0.00450000000000000
0.00470000000000000
0.00420000000000000
0.00220000000000000
-0.000300000000000000
-0.00230000000000000
-0.00510000000000000
-0.00620000000000000
-0.00780000000000000
-0.00920000000000000
-0.0101000000000000
-0.0106000000000000
-0.0116000000000000
-0.0103000000000000
-0.00910000000000000
-0.00910000000000000
-0.00830000000000000
-0.00710000000000000
-0.00640000000000000
-0.00610000000000000
-0.00610000000000000
-0.00580000000000000
-0.00590000000000000
-0.00600000000000000
-0.00820000000000000
-0.00960000000000000
-0.0121000000000000
-0.0139000000000000
-0.0136000000000000
-0.0140000000000000
-0.0142000000000000
-0.0141000000000000
-0.0141000000000000
-0.0141000000000000
-0.0148000000000000
-0.0169000000000000
-0.0170000000000000
-0.0195000000000000
-0.0211000000000000
-0.0222000000000000
-0.0218000000000000
-0.0222000000000000
-0.0202000000000000
-0.0177000000000000
-0.0167000000000000
-0.0141000000000000
-0.0138000000000000
-0.0117000000000000
-0.0107000000000000
-0.00890000000000000
-0.00840000000000000
-0.00870000000000000
-0.00840000000000000
-0.00850000000000000
-0.00840000000000000
-0.00830000000000000
-0.00720000000000000
-0.00730000000000000
-0.00530000000000000
-0.00320000000000000
-0.00200000000000000
0.000300000000000000
0.00290000000000000
0.00450000000000000
0.00450000000000000
0.00590000000000000
0.00650000000000000
0.00700000000000000
0.00740000000000000
0.00990000000000000
0.00960000000000000
0.00960000000000000
0.00990000000000000
0.0102000000000000
0.0100000000000000
0.0111000000000000
0.0129000000000000
0.0119000000000000
0.0124000000000000
0.0123000000000000
0.0122000000000000
0.0116000000000000
0.00940000000000000
0.00960000000000000
0.00960000000000000
0.00930000000000000
0.0100000000000000
0.0112000000000000
0.0119000000000000
0.0125000000000000
0.0132000000000000
0.0126000000000000
0.0120000000000000
0.0102000000000000
0.00950000000000000
0.00920000000000000
0.00650000000000000
0.00590000000000000
0.00490000000000000
0.00580000000000000
0.00500000000000000
0.00390000000000000
0.00430000000000000
0.00340000000000000
0.00280000000000000
0.00470000000000000
0.00700000000000000
0.00790000000000000
0.00890000000000000
0.0111000000000000
0.0119000000000000
0.0121000000000000
0.0121000000000000
0.0109000000000000
0.00920000000000000
0.00950000000000000
0.00700000000000000
0.00610000000000000
0.00430000000000000
0.00460000000000000
0.00380000000000000
0.00190000000000000
0.00140000000000000
0.00170000000000000
0.00140000000000000
0.00190000000000000
0.00310000000000000
0.00280000000000000
0.00390000000000000
0.00440000000000000
0.00480000000000000
0.00500000000000000
0.00440000000000000
0.00580000000000000
0.00570000000000000
0.00540000000000000
0.00450000000000000
0.00420000000000000
0.00210000000000000
0.00170000000000000
0.00210000000000000
0.00140000000000000
0.00160000000000000
0.00110000000000000
-0.000800000000000000
-0.000900000000000000
-0.00150000000000000
-0.00150000000000000
-0.00180000000000000
-0.00410000000000000
-0.00480000000000000
-0.00650000000000000
-0.00660000000000000
-0.00760000000000000
-0.00840000000000000
-0.00910000000000000
-0.00900000000000000
-0.00820000000000000
-0.00560000000000000
-0.00510000000000000
-0.00490000000000000
-0.00450000000000000
-0.00500000000000000
-0.00340000000000000
-0.00400000000000000
-0.00600000000000000
-0.00660000000000000
-0.00830000000000000
-0.00920000000000000
-0.00880000000000000
-0.0103000000000000
-0.00890000000000000
-0.00760000000000000
-0.00530000000000000
-0.00300000000000000
-0.000900000000000000
-0.000500000000000000
0.00170000000000000
0.00170000000000000
0.00140000000000000
0.00100000000000000
-0.000300000000000000
-0.00190000000000000
-0.00370000000000000
-0.00540000000000000
-0.00630000000000000
-0.00670000000000000
-0.00840000000000000
-0.00650000000000000
-0.00510000000000000
-0.00380000000000000
-0.00370000000000000
-0.00370000000000000
-0.00230000000000000
-0.00130000000000000
-0.000700000000000000
-0.00150000000000000
-0.00110000000000000
-0.00110000000000000
-0.00130000000000000
-0.00220000000000000
-0.00250000000000000
-0.00330000000000000
-0.00330000000000000
-0.00140000000000000
-0.00100000000000000
0.00100000000000000
0.00190000000000000
0.00350000000000000
0.00600000000000000
0.00680000000000000
0.00670000000000000
0.00690000000000000
0.00470000000000000
0.00260000000000000
0.00170000000000000
0.000300000000000000
0.000400000000000000
-0.000600000000000000
-0.00140000000000000
-0.000700000000000000
-0.000700000000000000
0.00150000000000000
0.00250000000000000
0.00460000000000000
0.00450000000000000
0.00440000000000000
0.00470000000000000
0.00450000000000000
0.00420000000000000
0.00200000000000000
0.00110000000000000
-0.00100000000000000
-0.00200000000000000
-0.00360000000000000
-0.00320000000000000
-0.00340000000000000
-0.00350000000000000
-0.00300000000000000
-0.000900000000000000
-0.000700000000000000
-0.000900000000000000
-0.000500000000000000
0.00130000000000000
0.000900000000000000
-0.00140000000000000
-0.00120000000000000
-0.00320000000000000
-0.00350000000000000
-0.00330000000000000
-0.00410000000000000
-0.00530000000000000
-0.00600000000000000
-0.00660000000000000
-0.00690000000000000
-0.00920000000000000
-0.00910000000000000
-0.00890000000000000
-0.00920000000000000
-0.00970000000000000
-0.0118000000000000
-0.0122000000000000
-0.0131000000000000
-0.0130000000000000
-0.0123000000000000
-0.0117000000000000
-0.0112000000000000
-0.00940000000000000
-0.00820000000000000
-0.00650000000000000
-0.00560000000000000
-0.00370000000000000
-0.00280000000000000
-0.000100000000000000
0.000400000000000000
0.00130000000000000
0.00160000000000000
0.00140000000000000
0.00160000000000000
0.00150000000000000
0.00150000000000000
0.00160000000000000
0.00280000000000000
0.00280000000000000
0.00260000000000000
0.00280000000000000
0.00290000000000000
0.00420000000000000
0.00550000000000000
0.00660000000000000
0.00680000000000000
0.00680000000000000
0.00670000000000000
0.00550000000000000
0.00560000000000000
0.00470000000000000
0.00320000000000000
0.00310000000000000
0.00210000000000000
0.00140000000000000
0.00190000000000000
0.00150000000000000
0.00310000000000000
0.00490000000000000
0.00640000000000000
0.00880000000000000
0.00980000000000000
0.0117000000000000
0.0120000000000000
0.0123000000000000
0.0140000000000000
0.0129000000000000
0.0120000000000000
0.00890000000000000
0.00610000000000000
0.00570000000000000
0.00420000000000000
0.00330000000000000
0.00310000000000000
0.00320000000000000
0.00410000000000000
0.00430000000000000
0.00410000000000000
0.00430000000000000
0.00430000000000000
0.00380000000000000
0.00280000000000000
0.00200000000000000
0.00170000000000000
0.00170000000000000
0.000200000000000000
-0.00100000000000000
-0.00100000000000000
-0.00240000000000000
-0.00370000000000000
-0.00360000000000000
-0.00380000000000000
-0.00390000000000000
-0.00300000000000000
-0.00120000000000000
-0.00160000000000000
-0.000600000000000000
0.00160000000000000
0.00170000000000000
0.00190000000000000
0.00110000000000000
0.000100000000000000
-0.00130000000000000
-0.00280000000000000
-0.00440000000000000
-0.00370000000000000
-0.00360000000000000
-0.00380000000000000
-0.00280000000000000
-0.00220000000000000
-0.00330000000000000
-0.00400000000000000
-0.00500000000000000
-0.00640000000000000
-0.00640000000000000
-0.00870000000000000
-0.0102000000000000
-0.0117000000000000
-0.0114000000000000
-0.0115000000000000
-0.0117000000000000
-0.0120000000000000
-0.0130000000000000
-0.0117000000000000
-0.0116000000000000
-0.0115000000000000
-0.0107000000000000
-0.00940000000000000
-0.00880000000000000
-0.00920000000000000
-0.00950000000000000
-0.0113000000000000
-0.0115000000000000
-0.0116000000000000
-0.0103000000000000
-0.00940000000000000
-0.00980000000000000
-0.00790000000000000
-0.00560000000000000
-0.00450000000000000
-0.00300000000000000
-0.00120000000000000
0.000200000000000000
0.00140000000000000
0.00170000000000000
0.00350000000000000
0.00280000000000000
0.00250000000000000
0.00230000000000000
0.00290000000000000
0.00290000000000000
0.00390000000000000
0.00430000000000000
0.00550000000000000
0.00800000000000000
0.0102000000000000
0.0130000000000000
0.0152000000000000
0.0170000000000000
0.0172000000000000
0.0172000000000000
0.0169000000000000
0.0168000000000000
0.0173000000000000
0.0157000000000000
0.0145000000000000
0.0145000000000000
0.0144000000000000
0.0142000000000000
0.0142000000000000
0.0142000000000000
0.0141000000000000
0.0150000000000000
0.0145000000000000
0.0133000000000000
0.0119000000000000
0.0110000000000000
0.00910000000000000
0.00780000000000000
0.00530000000000000
0.00280000000000000
0.00120000000000000
0.000300000000000000
-0.00160000000000000
-0.00210000000000000
-0.00190000000000000
-0.00220000000000000
-0.00210000000000000
-0.00180000000000000
0.000300000000000000
0.000400000000000000
-0.00110000000000000
-0.00230000000000000
-0.00360000000000000
-0.00540000000000000
-0.00710000000000000
-0.00780000000000000
-0.00920000000000000
-0.00950000000000000
-0.00750000000000000
-0.00690000000000000
-0.00730000000000000
-0.00610000000000000
-0.00600000000000000
-0.00520000000000000
-0.00410000000000000
-0.00430000000000000
-0.00420000000000000
-0.00410000000000000
-0.00440000000000000
-0.00490000000000000
-0.00560000000000000
-0.00670000000000000
-0.00600000000000000
-0.00520000000000000
-0.00560000000000000
-0.00510000000000000
-0.00400000000000000
-0.00430000000000000
-0.00270000000000000
-0.00140000000000000
-0.00200000000000000
-0.000500000000000000
-0.000300000000000000
-0.00100000000000000
-0.00160000000000000
-0.00140000000000000
-0.00150000000000000
-0.00190000000000000
-0.00370000000000000
-0.00370000000000000
-0.00360000000000000
-0.00380000000000000
-0.00370000000000000
-0.00480000000000000
-0.00370000000000000
-0.00350000000000000
-0.00380000000000000
-0.00340000000000000
-0.00410000000000000
-0.00590000000000000
-0.00550000000000000
-0.00700000000000000
-0.00790000000000000
-0.00870000000000000
-0.00990000000000000
-0.00920000000000000
-0.00930000000000000
-0.00930000000000000
-0.00910000000000000
-0.00900000000000000
-0.00960000000000000
-0.0108000000000000
-0.0104000000000000
-0.00970000000000000
-0.00850000000000000
-0.00780000000000000
-0.00790000000000000
-0.00740000000000000
-0.00660000000000000
-0.00530000000000000
-0.00590000000000000
-0.00650000000000000
-0.00470000000000000
-0.00530000000000000
-0.00650000000000000
-0.00620000000000000
-0.00610000000000000
-0.00500000000000000
-0.00410000000000000
-0.00420000000000000
-0.00320000000000000
-0.00200000000000000
-0.00160000000000000
0
0.000300000000000000
0.000200000000000000
0.000500000000000000
0.000900000000000000
0.00250000000000000
0.00210000000000000
0.00150000000000000
0.00120000000000000
0.000500000000000000
0.000700000000000000
0.000700000000000000
0.000900000000000000
0.00260000000000000
0.00240000000000000
0.00250000000000000
0.00270000000000000
0.00260000000000000
0.00260000000000000
0.00300000000000000
0.00400000000000000
0.00430000000000000
0.00420000000000000
0.00430000000000000
0.00500000000000000
0.00620000000000000
0.00550000000000000
0.00580000000000000
0.00570000000000000
0.00480000000000000
0.00400000000000000
0.00400000000000000
0.00390000000000000
0.00380000000000000
0.00390000000000000
0.00380000000000000
0.00360000000000000
0.00250000000000000
0.00300000000000000
0.00350000000000000
0.00360000000000000
0.00360000000000000
0.00360000000000000
0.00360000000000000
0.00360000000000000
0.00340000000000000
0.00210000000000000
0.00210000000000000
0.00220000000000000
0.00170000000000000
0.00100000000000000
0.00100000000000000
0.00130000000000000
0.00170000000000000
0.00210000000000000
0.00200000000000000
0.00230000000000000
0.00280000000000000
0.00290000000000000
0.00350000000000000
0.00330000000000000
0.00330000000000000
0.00330000000000000
0.00320000000000000
0.00320000000000000
0.00310000000000000
0.00310000000000000
0.00350000000000000
0.00440000000000000
0.00400000000000000
0.00450000000000000
0.00460000000000000
0.00380000000000000
0.00400000000000000
0.00410000000000000
0.00490000000000000
0.00480000000000000
0.00440000000000000
0.00360000000000000
0.00340000000000000
0.00260000000000000
0.00200000000000000
0.00230000000000000
0.00200000000000000
0.00200000000000000
0.00200000000000000
0.00200000000000000
0.00220000000000000
0.00240000000000000
0.00290000000000000
0.00270000000000000
0.00260000000000000
0.00260000000000000
0.00250000000000000
0.00240000000000000
0.00240000000000000
0.00230000000000000
0.00220000000000000
0.00210000000000000
0.00210000000000000
0.00200000000000000
0.00190000000000000
0.00190000000000000
0.00180000000000000
0.00160000000000000
0.000900000000000000
0.000800000000000000
0.000300000000000000
-0.000200000000000000
0.000100000000000000
-0.000100000000000000
-0.000100000000000000
-0.000100000000000000
-0.000100000000000000
-0.000200000000000000
-0.000200000000000000
-0.000200000000000000
-0.000300000000000000
-0.000800000000000000
-0.000500000000000000
-0.000100000000000000
-0.000200000000000000
0.000400000000000000
0.000400000000000000
0.000200000000000000
-0.000100000000000000
-0.000300000000000000
-0.000500000000000000
-0.000900000000000000
-0.000900000000000000
-0.00130000000000000
-0.00120000000000000
-0.00150000000000000
-0.00160000000000000
-0.00140000000000000
-0.00170000000000000
-0.00180000000000000
-0.00170000000000000
-0.00160000000000000
-0.00160000000000000
-0.00150000000000000
-0.00140000000000000
-0.00130000000000000
-0.00120000000000000
-0.00120000000000000
-0.000900000000000000
-0.000900000000000000
-0.00100000000000000
-0.000800000000000000
-0.000500000000000000
-0.000500000000000000
-0.000400000000000000
-0.000100000000000000
-0.000100000000000000
-0.000100000000000000
-0.000100000000000000
-0.000100000000000000
0
0
0
0
0.000100000000000000
0.000200000000000000
0.000300000000000000
0.000200000000000000
0.000300000000000000
0.000300000000000000
0.000200000000000000
0.000100000000000000
0.000200000000000000
0.000100000000000000
0.000200000000000000
0.000200000000000000
0.000100000000000000
0
0.000100000000000000
-0.000100000000000000
-0.000100000000000000
-0.000100000000000000
-0.000100000000000000
0
0
0.000100000000000000
0.000100000000000000
0.000200000000000000
0.000200000000000000
0.000300000000000000
0.000300000000000000
0.000300000000000000
0.000400000000000000
0.000400000000000000
0.000400000000000000
0.000500000000000000
0.000500000000000000
0.000500000000000000
0.000500000000000000
0.000500000000000000
0.000400000000000000
0.000400000000000000
0.000400000000000000
0.000400000000000000
0.000300000000000000
0.000300000000000000
0.000200000000000000
0.000200000000000000
0.000100000000000000
0.000100000000000000
0.000100000000000000
0.000100000000000000
0.000100000000000000
0
0
0
0
0
0
0
-0.000100000000000000
-0.000100000000000000
-0.000100000000000000
-0.000100000000000000
-0.000100000000000000
-0.000100000000000000
-0.000100000000000000
-0.000200000000000000
-0.000200000000000000
-0.000200000000000000
-0.000200000000000000
-0.000200000000000000
-0.000200000000000000
-0.000200000000000000
-0.000200000000000000
-0.000200000000000000
-0.000200000000000000
-0.000300000000000000
-0.000300000000000000
-0.000300000000000000
-0.000300000000000000
-0.000300000000000000
-0.000300000000000000
-0.000300000000000000
-0.000300000000000000
-0.000300000000000000
-0.000300000000000000
-0.000300000000000000
-0.000300000000000000
-0.000300000000000000
-0.000300000000000000
-0.000300000000000000
-0.000300000000000000
-0.000300000000000000
-0.000300000000000000
-0.000300000000000000
-0.000300000000000000
-0.000300000000000000
-0.000300000000000000
-0.000300000000000000
-0.000300000000000000
-0.000300000000000000
-0.000300000000000000