dt=0.005//sampling data 
-5.63330000000000
-4.92130000000000
-0.796360000000000
1.88120000000000
4.55880000000000
4.37730000000000
-0.378590000000000
-6.62650000000000
-12.2580000000000
-9.50000000000000
-3.23080000000000
-2.44740000000000
-5.93460000000000
-9.47540000000000
-5.94010000000000
-0.260600000000000
1.06780000000000
-2.66060000000000
-2.34170000000000
2.31030000000000
6.32810000000000
8.11220000000000
6.05450000000000
-0.649130000000000
-5.55690000000000
-5.82770000000000
0.557630000000000
11.3570000000000
8.95940000000000
6.63370000000000
4.00420000000000
0.856480000000000
-4.27470000000000
-12.2650000000000
-16.4670000000000
-11.1090000000000
-3.36550000000000
1.00960000000000
-3.54970000000000
-7.80530000000000
-6.84320000000000
-5.54150000000000
-3.75740000000000
-3.27770000000000
-1.80630000000000
0.495970000000000
-0.489580000000000
-8.44400000000000
-10.2430000000000
-2.85660000000000
4.10950000000000
-0.941220000000000
-9.64610000000000
-16.8050000000000
-12.6090000000000
-6.07180000000000
1.11770000000000
10.8890000000000
9.03700000000000
-4.90340000000000
-16.3420000000000
-26.6380000000000
-21.1720000000000
-13.1340000000000
-20.0340000000000
-24.7900000000000
-16.0460000000000
-7.65070000000000
1.72770000000000
9.56930000000000
15.2930000000000
9.85860000000000
-1.45510000000000
-4.94230000000000
1.73780000000000
8.90940000000000
15.6070000000000
20.4560000000000
19.7560000000000
14.3040000000000
6.43850000000000
2.62970000000000
7.07630000000000
15.7310000000000
19.7490000000000
19.7820000000000
14.1500000000000
8.23280000000000
-1.07090000000000
-11.7950000000000
-21.4300000000000
-33.9770000000000
-40.5020000000000
-27.0320000000000
-14.9210000000000
3.83850000000000
20.9890000000000
35.5490000000000
42.7650000000000
29.7270000000000
19.0200000000000
1.05870000000000
-12.0870000000000
-0.404030000000000
12.6100000000000
27.1250000000000
33.9300000000000
15.6560000000000
-0.768430000000000
-12.9670000000000
-28.6410000000000
-18.2450000000000
-7.81260000000000
9.37410000000000
12.0510000000000
-4.68610000000000
-17.0730000000000
-33.8810000000000
-22.7170000000000
-11.3020000000000
5.33110000000000
3.14800000000000
-12.9370000000000
-22.8040000000000
-12.6750000000000
2.36700000000000
21.4390000000000
35.5610000000000
39.7030000000000
29.5950000000000
22.6770000000000
15.2580000000000
18.1140000000000
18.5400000000000
15.3470000000000
10.6080000000000
4.32420000000000
7.75180000000000
13.2610000000000
10.7120000000000
2.91770000000000
-6.99380000000000
-17.3970000000000
-9.93960000000000
-5.60060000000000
-10.6250000000000
-17.3290000000000
-24.0320000000000
-31.8500000000000
-24.9710000000000
-16.3770000000000
-7.88050000000000
0.428060000000000
7.12840000000000
12.4530000000000
15.9910000000000
22.2000000000000
21.2880000000000
13.6840000000000
3.42710000000000
-5.98130000000000
-16.9000000000000
-22.2070000000000
-13.1210000000000
-1.39960000000000
2.91530000000000
-21.9490000000000
-39.6480000000000
-57.7380000000000
-49.4420000000000
-36.7910000000000
-25.2750000000000
-17.2350000000000
-9.77490000000000
-3.07440000000000
1.64250000000000
4.09010000000000
-1.53900000000000
-8.24020000000000
-4.75620000000000
10.7090000000000
27.2370000000000
45.8170000000000
63.5640000000000
77.5540000000000
72.4780000000000
58.1110000000000
43.2060000000000
31.7640000000000
22.1570000000000
8.75530000000000
-4.93990000000000
1.63530000000000
13.4910000000000
24.5690000000000
23.6840000000000
8.57140000000000
-12.1030000000000
-38.7680000000000
-62.2660000000000
-42.6200000000000
-24.3310000000000
-9.62110000000000
-0.584840000000000
9.11450000000000
21.7590000000000
33.5230000000000
45.2860000000000
53.4050000000000
56.4510000000000
53.7710000000000
50.6440000000000
45.9710000000000
38.0380000000000
28.6560000000000
38.2340000000000
36.5540000000000
31.1490000000000
22.5180000000000
14.4770000000000
16.9970000000000
25.2160000000000
23.5190000000000
14.0840000000000
6.04320000000000
-4.10620000000000
-14.9530000000000
-26.6840000000000
-39.0130000000000
-45.5980000000000
-33.2860000000000
-18.1330000000000
-0.175320000000000
17.9760000000000
32.9980000000000
47.0610000000000
51.8050000000000
61.2940000000000
63.0090000000000
59.0330000000000
50.2600000000000
41.1910000000000
29.1480000000000
7.91940000000000
-11.3430000000000
-17.5080000000000
-4.15980000000000
9.11660000000000
21.3930000000000
34.2580000000000
32.1500000000000
18.2390000000000
6.17710000000000
-9.28830000000000
-23.5120000000000
-41.8630000000000
-59.2850000000000
-72.5980000000000
-81.2640000000000
-86.8390000000000
-91.8960000000000
-92.8610000000000
-84.9090000000000
-67.6900000000000
-54.3020000000000
-37.6110000000000
-36.0030000000000
-50.6220000000000
-51.6640000000000
-40.9180000000000
-15.1840000000000
16.8670000000000
51.6060000000000
77.3100000000000
93.7650000000000
101.800000000000
97.4650000000000
81.6590000000000
58.3950000000000
19.6290000000000
-14.3770000000000
-37.5100000000000
-52.4500000000000
-63.1730000000000
-78.0770000000000
-95.0370000000000
-110.010000000000
-124.460000000000
-125.790000000000
-119.260000000000
-108.830000000000
-95.7700000000000
-82.5130000000000
-72.0700000000000
-63.3660000000000
-51.8730000000000
-33.3800000000000
-9.70730000000000
17.6410000000000
45.4610000000000
62.1080000000000
74.3340000000000
76.8880000000000
71.9730000000000
63.3940000000000
52.1970000000000
42.1710000000000
33.2440000000000
22.7710000000000
14.1570000000000
2.09420000000000
-8.82540000000000
-18.9850000000000
-31.6740000000000
-45.4370000000000
-57.1850000000000
-58.3120000000000
-47.5930000000000
-36.4090000000000
-39.7420000000000
-54.6910000000000
-60.1430000000000
-53.6580000000000
-43.3140000000000
-28.5760000000000
-5.04600000000000
23.3370000000000
53.7220000000000
81.9080000000000
104.940000000000
121.480000000000
133.800000000000
134.730000000000
126.820000000000
110.370000000000
82.9160000000000
44.1510000000000
13.1200000000000
-12.2050000000000
-5.90800000000000
15.5240000000000
39.0830000000000
46.4970000000000
36.0510000000000
9.14850000000000
-21.9550000000000
-40.5490000000000
-47.9570000000000
-36.8350000000000
-39.3390000000000
-58.0760000000000
-78.4910000000000
-90.8050000000000
-73.1170000000000
-47.5820000000000
-21.5260000000000
17.7240000000000
38.8880000000000
26.3240000000000
7.03050000000000
-16.2990000000000
-32.7280000000000
-24.3820000000000
-9.43180000000000
5.44400000000000
22.9090000000000
39.1110000000000
53.3010000000000
49.4040000000000
27.5010000000000
13.1420000000000
5.88420000000000
16.1930000000000
24.2900000000000
33.6610000000000
42.9250000000000
46.2640000000000
32.6380000000000
20.8870000000000
10.0480000000000
0.245710000000000
-2.55240000000000
3.51250000000000
13.6070000000000
22.9770000000000
35.4280000000000
46.2080000000000
36.1530000000000
7.69540000000000
-22.5380000000000
-43.1790000000000
-43.0310000000000
-27.6320000000000
-14.5780000000000
0.213670000000000
15.4920000000000
23.4130000000000
12.5810000000000
-4.69350000000000
-21.6460000000000
-33.1570000000000
-44.7490000000000
-54.3660000000000
-71.3870000000000
-77.5590000000000
-71.3000000000000
-63.8080000000000
-54.4210000000000
-40.5500000000000
-38.1500000000000
-52.8760000000000
-70.3280000000000
-92.4210000000000
-96.6150000000000
-83.2530000000000
-76.1810000000000
-68.7420000000000
-62.8490000000000
-60.5030000000000
-58.0410000000000
-56.4370000000000
-52.3220000000000
-45.6340000000000
-35.3720000000000
-14.5320000000000
12.5590000000000
44.7860000000000
78.9290000000000
105.770000000000
123.770000000000
109.860000000000
89.7800000000000
86.8790000000000
104.180000000000
115.320000000000
124.100000000000
132.120000000000
139.420000000000
145.910000000000
150.050000000000
140.570000000000
119.690000000000
87.4030000000000
42.8960000000000
-0.578060000000000
-31.0050000000000
-44.3840000000000
-55.5310000000000
-48.7380000000000
-38.5770000000000
-26.1190000000000
-10.4000000000000
5.62160000000000
28.0600000000000
54.9840000000000
85.1360000000000
109.800000000000
126.960000000000
136.940000000000
147.610000000000
153.760000000000
158.370000000000
161.430000000000
156.910000000000
139.200000000000
91.8080000000000
16.2610000000000
-62.6870000000000
-116.760000000000
-149.420000000000
-176.070000000000
-204.260000000000
-231.810000000000
-239.870000000000
-222.500000000000
-204.150000000000
-181.360000000000
-161.150000000000
-147.120000000000
-137.160000000000
-126.900000000000
-107.480000000000
-87.1020000000000
-67.0190000000000
-44.5030000000000
-35.9340000000000
-60.9470000000000
-85.3710000000000
-111.470000000000
-132.170000000000
-152.220000000000
-156.960000000000
-142.590000000000
-123.690000000000
-94.8430000000000
-56.6670000000000
-1.29110000000000
34.1890000000000
73.9720000000000
109.540000000000
132.080000000000
143.050000000000
152.430000000000
161.510000000000
168.530000000000
165.940000000000
152.850000000000
141.530000000000
129.590000000000
108.370000000000
78.4980000000000
49.9370000000000
21.4030000000000
13.3310000000000
28.0850000000000
43.8580000000000
59.8630000000000
71.8560000000000
82.5900000000000
88.7860000000000
100.320000000000
117.990000000000
145.850000000000
172.960000000000
188.070000000000
165.580000000000
128.300000000000
81.3970000000000
35.6370000000000
0.785540000000000
-14.9480000000000
-21.9580000000000
-23.2860000000000
-24.6130000000000
-25.9410000000000
-27.2690000000000
-28.8820000000000
-32.0420000000000
-38.8370000000000
-50.0100000000000
-60.9510000000000
-73.3310000000000
-86.1390000000000
-92.3990000000000
-94.8160000000000
-95.1430000000000
-100.100000000000
-109.100000000000
-123.260000000000
-140.350000000000
-158.650000000000
-166.410000000000
-150.700000000000
-135.600000000000
-107.120000000000
-74.7240000000000
-44.8210000000000
-18.7200000000000
-18.7070000000000
-40.0510000000000
-65.4540000000000
-97.8750000000000
-120.370000000000
-143.070000000000
-130.610000000000
-95.7000000000000
-51.8110000000000
5.80190000000000
67.3090000000000
123.230000000000
155.690000000000
178.480000000000
172.190000000000
144.790000000000
106.810000000000
63.6560000000000
22.3020000000000
-5.36010000000000
-18.6390000000000
-25.5910000000000
-24.3330000000000
-17.1690000000000
-9.12090000000000
3.83800000000000
21.2680000000000
46.1350000000000
71.5070000000000
93.5790000000000
109.260000000000
123.530000000000
134.660000000000
138.470000000000
124.730000000000
101.850000000000
75.7930000000000
47.5280000000000
29.5350000000000
36.6010000000000
47.5790000000000
57.7190000000000
43.5930000000000
19.2180000000000
-18.4120000000000
-56.6950000000000
-87.6070000000000
-94.6220000000000
-70.2790000000000
-44.0310000000000
-24.1750000000000
-10.0950000000000
-0.0948500000000000
-4.75110000000000
-1.46490000000000
2.33980000000000
4.16990000000000
2.27440000000000
-5.09840000000000
-12.3810000000000
-21.8090000000000
-33.2190000000000
-46.2830000000000
-67.2360000000000
-92.8310000000000
-119.640000000000
-147.140000000000
-169.160000000000
-181.570000000000
-174.980000000000
-155.050000000000
-118
-65.3410000000000
15.7410000000000
67.5720000000000
99.7570000000000
129.070000000000
120.110000000000
97.4390000000000
72.1030000000000
49.8680000000000
26.6240000000000
25.0900000000000
31.3650000000000
42.0210000000000
57.6150000000000
70.6480000000000
61.1090000000000
42.2870000000000
14.5350000000000
-9.27700000000000
-30.7620000000000
-28.4010000000000
-17.3190000000000
-8.80100000000000
-28.2490000000000
-48.3600000000000
-69.2210000000000
-55.7180000000000
-30.2130000000000
2.54750000000000
27.9790000000000
47.9050000000000
62.0820000000000
68.7500000000000
46.2850000000000
32.8560000000000
42.0250000000000
54.9120000000000
87.5600000000000
115.400000000000
141.690000000000
158.030000000000
150.810000000000
127.460000000000
98.9140000000000
60.7050000000000
28.2760000000000
-3.99350000000000
-38.1440000000000
-69.6820000000000
-102.840000000000
-117.370000000000
-123.760000000000
-117.290000000000
-109.950000000000
-103.050000000000
-95.2810000000000
-87.1630000000000
-77.1240000000000
-68.6310000000000
-63.8630000000000
-69.2270000000000
-81.1580000000000
-73.9070000000000
-58.9540000000000
-42.8750000000000
-27.2110000000000
-3.64250000000000
15.3670000000000
30.7750000000000
45.4610000000000
56.1330000000000
66.6460000000000
76.0240000000000
85.4010000000000
91.7060000000000
70.7280000000000
44.9750000000000
3.92670000000000
-40.8750000000000
-73.5930000000000
-92.8900000000000
-108.440000000000
-104.790000000000
-96.4570000000000
-91.1000000000000
-78.1480000000000
-60.9330000000000
-43.8150000000000
-25.5170000000000
-17.4790000000000
-32.7700000000000
-55.8770000000000
-65.7890000000000
-53.7840000000000
-38.1720000000000
-9.91340000000000
16.0100000000000
37.9850000000000
54.2790000000000
60.7440000000000
64.7870000000000
64.8380000000000
61.7970000000000
53.5560000000000
41.1520000000000
24.3870000000000
8.03320000000000
2.61580000000000
12.7080000000000
25.7940000000000
27.7960000000000
17.2670000000000
-1.48790000000000
-23.8180000000000
-41.3190000000000
-59.6540000000000
-58.8080000000000
-48.3380000000000
-35.9130000000000
-15.3590000000000
7.88990000000000
39.1050000000000
79.4620000000000
113.480000000000
138.600000000000
157.050000000000
172.150000000000
170.440000000000
152.270000000000
131.440000000000
108.610000000000
85.6420000000000
61.5090000000000
41.0740000000000
29.6180000000000
22.1730000000000
23.9940000000000
34.8120000000000
35.1760000000000
22.0860000000000
5.66480000000000
-26.3240000000000
-61.7520000000000
-85.3230000000000
-94.1790000000000
-93.7070000000000
-91.0380000000000
-88.3680000000000
-80.7580000000000
-71.7640000000000
-53.2530000000000
-24.4580000000000
-1.93070000000000
19.3090000000000
31.1340000000000
15.5960000000000
1.15530000000000
-10.3810000000000
-8.31910000000000
0.640060000000000
2.75570000000000
-10.5220000000000
-31.7080000000000
-53.5190000000000
-75.3830000000000
-90.8960000000000
-100.480000000000
-104.240000000000
-101.860000000000
-97.8530000000000
-91.2840000000000
-80.8030000000000
-66.0680000000000
-52.0210000000000
-40.4130000000000
-26.4030000000000
-22.2640000000000
-43.7680000000000
-57.3560000000000
-56.0590000000000
-42.3700000000000
-15.9830000000000
14.5260000000000
41.9300000000000
64.8660000000000
86.0780000000000
103.840000000000
116.220000000000
117.670000000000
106.580000000000
83.7720000000000
57.4430000000000
37.9020000000000
23.6260000000000
15.9890000000000
6.60000000000000
-3.66300000000000
-16.5540000000000
-33.6710000000000
-46.5440000000000
-42.4100000000000
-26.2370000000000
-3.35600000000000
28.1980000000000
66.0200000000000
95.7470000000000
118.550000000000
134.470000000000
144.650000000000
155.290000000000
152.150000000000
138.420000000000
117.350000000000
87.7630000000000
50.8480000000000
16.2500000000000
-5.32770000000000
-11.0520000000000
5.55940000000000
16.3630000000000
1.35350000000000
-33.5660000000000
-81.1530000000000
-120.320000000000
-126.930000000000
-114.550000000000
-98.2460000000000
-82.5810000000000
-72.4550000000000
-63.5650000000000
-54.6030000000000
-35.1040000000000
-6.57230000000000
25.0230000000000
53.8580000000000
76.1450000000000
86.8770000000000
69.4590000000000
47.0520000000000
30.8290000000000
17.4290000000000
7.16460000000000
-0.176760000000000
-9.98570000000000
-13.1920000000000
-15.7450000000000
-18.0210000000000
-24.1660000000000
-36.2260000000000
-48.2860000000000
-57.8430000000000
-68.5120000000000
-83.1110000000000
-96.0330000000000
-114.570000000000
-128.490000000000
-141.060000000000
-148.990000000000
-146.610000000000
-127.890000000000
-101.990000000000
-60.4980000000000
-10.2050000000000
33.8040000000000
68.3890000000000
91.2370000000000
101.320000000000
106.140000000000
99.7840000000000
91.7450000000000
85.9750000000000
82.7600000000000
84.7280000000000
72.8650000000000
54.3390000000000
23.8480000000000
-9.84530000000000
-42.8480000000000
-71.3050000000000
-96.8840000000000
-101.180000000000
-85.1260000000000
-67.3090000000000
-47.9480000000000
-28.3790000000000
-11.8600000000000
-1.81260000000000
9.76710000000000
23.7750000000000
36.5100000000000
47.8920000000000
57.5080000000000
63.6130000000000
56.1460000000000
45.5890000000000
38.3010000000000
44.2900000000000
49.9840000000000
54.0080000000000
57.5490000000000
60.9200000000000
67.6230000000000
73.4690000000000
81.4420000000000
82.3560000000000
68.4210000000000
45.9380000000000
17.5300000000000
-8.73430000000000
-26.7940000000000
-36.9990000000000
-46.3950000000000
-52.6910000000000
-44.7190000000000
-37.3990000000000
-26.6740000000000
-16.5230000000000
-7.91560000000000
0.128410000000000
-1.49460000000000
-8.71100000000000
-12.9780000000000
-6.94440000000000
-1.99180000000000
6.35620000000000
11.0410000000000
-0.303280000000000
-12.4960000000000
-27.8070000000000
-42.5450000000000
-52.7000000000000
-64.3490000000000
-63.3540000000000
-55.2750000000000
-49.9110000000000
-44.5470000000000
-41.7390000000000
-39.0560000000000
-34.7110000000000
-28.7660000000000
-24.3680000000000
-20.4160000000000
-21.4850000000000
-31.7570000000000
-39.1070000000000
-47.1450000000000
-46.6780000000000
-44.9950000000000
-41.3110000000000
-37.5380000000000
-32.1750000000000
-23.9440000000000
-15.6950000000000
-5.38140000000000
8.92410000000000
21.6850000000000
32.9010000000000
43.6250000000000
51.3290000000000
52.3590000000000
47.8050000000000
43.1890000000000
39.1710000000000
36.3230000000000
34.9860000000000
33.2190000000000
30.5410000000000
27.8640000000000
25.1860000000000
22.0710000000000
27.1120000000000
31.6620000000000
37.0250000000000
41.4510000000000
34.0380000000000
24.6600000000000
16.5410000000000
10.5570000000000
4.68930000000000
9.00450000000000
16.4520000000000
9.03940000000000
3.16300000000000
-2.81110000000000
-7.24010000000000
-2.18060000000000
3.79920000000000
11.9500000000000
11.7650000000000
5.06690000000000
8.64290000000000
17.6150000000000
24.3190000000000
31.5320000000000
39.5760000000000
31.0540000000000
20.6040000000000
9.22850000000000
-1.15530000000000
-8.58620000000000
-10.4060000000000
-4.98930000000000
-3.74750000000000
-10.1060000000000
-15.8450000000000
-23.8120000000000
-32.0280000000000
-39.4690000000000
-47.6810000000000
-56.6650000000000
-64.1020000000000
-71.6020000000000
-75.6000000000000
-71.9590000000000
-64.1990000000000
-56.0190000000000
-43.9000000000000
-30.4930000000000
-18.1940000000000
-7.97700000000000
-2.42380000000000
0.850710000000000
4.87610000000000
9.90260000000000
16.4030000000000
21.4910000000000
21.6570000000000
14.2730000000000
8.02330000000000
3.76680000000000
1.90420000000000
6.30480000000000
11.6700000000000
14.6770000000000
14.0390000000000
9.23700000000000
7.09750000000000
9.46930000000000
14.8170000000000
18.8430000000000
19.5980000000000
15.3950000000000
10.8970000000000
14.5290000000000
20.4580000000000
27.7890000000000
38.2110000000000
48.4190000000000
56.9290000000000
63.6350000000000
61.5320000000000
57.2570000000000
53.0890000000000
48.0910000000000
42.9490000000000
36.2530000000000
27.6090000000000
15.6950000000000
-1.72070000000000
-18.2270000000000
-32.3030000000000
-43.9670000000000
-42.8900000000000
-35.0320000000000
-27.3340000000000
-21.1840000000000
-25.6950000000000
-34.8640000000000
-44.0780000000000
-53.4610000000000
-58.3760000000000
-53.7050000000000
-47.4890000000000
-41.8530000000000
-37.8970000000000
-34.8790000000000
-31.4050000000000
-27.9760000000000
-24.9130000000000
-22.2350000000000
-19.3240000000000
-15.7430000000000
-12.4210000000000
-9.25100000000000
-5.51810000000000
-7.03900000000000
-13.4110000000000
-15.5570000000000
-12.1370000000000
-7.17090000000000
-2.96450000000000
1.05390000000000
4.21510000000000
5.55350000000000
4.37240000000000
3.78090000000000
6.28060000000000
9.60250000000000
14.4350000000000
18.4530000000000
22.4720000000000
27.6340000000000
32.5640000000000
36.5030000000000
42.5760000000000
47.1040000000000
51.1230000000000
53.9000000000000
54.7020000000000
48.3040000000000
40.2610000000000
32.2180000000000
24.1760000000000
16.5430000000000
11.1810000000000
7.05110000000000
7.65690000000000
11.3630000000000
11.4860000000000
8.80420000000000
8.66820000000000
14.8310000000000
21.0300000000000
24.1370000000000
18.2380000000000
8.85210000000000
0.0701300000000000
-9.60510000000000
-17.2800000000000
-25.1230000000000
-30.9480000000000
-34.1370000000000
-38.1650000000000
-40.3710000000000
-40.6030000000000
-38.5290000000000
-40.6640000000000
-45.2910000000000
-49.8560000000000
-49.8460000000000
-43.6540000000000
-37.2480000000000
-31.4030000000000
-24.7100000000000
-18.0180000000000
-14.6490000000000
-9.70740000000000
-6.65100000000000
-3.81800000000000
-1.69080000000000
-0.0194700000000000
0.106420000000000
-0.178720000000000
-1.04460000000000
-3.11640000000000
-8.03850000000000
-13.4070000000000
-15.6580000000000
-14.3260000000000
-12.4140000000000
-8.95510000000000
-4.94270000000000
-0.993230000000000
2.21490000000000
7.56750000000000
12.9200000000000
20.9250000000000
30.2990000000000
35.7850000000000
41.5040000000000
45.9100000000000
46.4640000000000
45.4730000000000
40.7210000000000
39.3730000000000
37.0950000000000
31.7260000000000
27.6440000000000
30.3610000000000
36.1870000000000
35.1070000000000
28.2640000000000
19.0710000000000
11.0220000000000
3.10940000000000
0.587420000000000
4.60580000000000
6.64080000000000
2.30540000000000
-3.32550000000000
-6.55260000000000
-2.18620000000000
0.402810000000000
-0.939520000000000
-5.17670000000000
-12.8800000000000
-20.9230000000000
-29.4130000000000
-38.7960000000000
-45.6070000000000
-44.5900000000000
-38.1060000000000
-33.1050000000000
-35.8330000000000
-42.5350000000000
-46.3700000000000
-39.8140000000000
-34.4560000000000
-29.0970000000000
-22.4520000000000
-14.4130000000000
-12.7000000000000
-20.3850000000000
-29.7690000000000
-35.4000000000000
-31.6940000000000
-24.9960000000000
-18.2800000000000
-10.6870000000000
-4.89930000000000
1.16450000000000
7.36300000000000
10.9260000000000
12.1210000000000
10.1350000000000
6.63980000000000
4.68990000000000
5.22380000000000
6.57070000000000
9.46310000000000
13.9010000000000
19.2600000000000
24.6190000000000
29.9770000000000
35.5500000000000
43.5890000000000
51.1100000000000
57.8080000000000
61.7190000000000
59.8590000000000
51.6100000000000
42.2280000000000
33.4600000000000
26.2400000000000
19.5400000000000
17.9690000000000
19.3110000000000
20.1430000000000
19.4300000000000
17.1710000000000
11.1150000000000
5.15730000000000
-3.01620000000000
-8.37550000000000
-14.5470000000000
-20.2280000000000
-24.3630000000000
-28.0880000000000
-30.2660000000000
-31.6050000000000
-32.0320000000000
-34.2640000000000
-34.4860000000000
-35.4320000000000
-36.6270000000000
-38.5020000000000
-38.8310000000000
-37.5340000000000
-34.8520000000000
-31.1880000000000
-24.4320000000000
-18.1940000000000
-12.8320000000000
-7.64860000000000
-3.62690000000000
-1.37360000000000
-3.75740000000000
-10.7790000000000
-20.0250000000000
-28.8500000000000
-33.1370000000000
-31.0720000000000
-24.3690000000000
-18.5250000000000
-13.3320000000000
-9.31040000000000
-4.70760000000000
-0.918100000000000
1.76380000000000
3.06100000000000
0.382070000000000
0.543830000000000
5.90640000000000
12.1530000000000
17.7660000000000
25.5580000000000
31.8940000000000
37.2560000000000
41.8410000000000
45.8630000000000
48.6960000000000
51.3780000000000
54.0600000000000
53.3910000000000
46.7440000000000
38.7040000000000
29.2250000000000
19.5760000000000
12.8750000000000
4.63820000000000
4.99630000000000
12.2420000000000
10.4030000000000
6.83820000000000
2.17490000000000
-2.79230000000000
-5.73990000000000
-4.44420000000000
-1.76340000000000
2.02530000000000
5.86740000000000
8.54830000000000
9.84420000000000
3.14380000000000
-1.32260000000000
-0.0177200000000000
3.52090000000000
6.47870000000000
5.35330000000000
3.33480000000000
-1.23020000000000
-6.59050000000000
-9.08270000000000
-5.83020000000000
-5.65070000000000
-11.0110000000000
-16.3710000000000
-22.5800000000000
-29.2810000000000
-33.5870000000000
-38.6160000000000
-41.5640000000000
-42.1620000000000
-41.2150000000000
-37.5870000000000
-34.2360000000000
-27.9640000000000
-22.6020000000000
-16.4010000000000
-11.7910000000000
-6.51910000000000
-0.836350000000000
5.86540000000000
11.1020000000000
16.9990000000000
21.3770000000000
19.6080000000000
15.5880000000000
10.9430000000000
6.41380000000000
4.46650000000000
4.47600000000000
5.81670000000000
7.67590000000000
10.3570000000000
13.0380000000000
16.8540000000000
19.9460000000000
24.8970000000000
29.5350000000000
34.0740000000000
31.9310000000000
27.7140000000000
21.3180000000000
16.9770000000000
17.1560000000000
21.6780000000000
27.0400000000000
28.0140000000000
25.8710000000000
22.4590000000000
18.1530000000000
14.8300000000000
9.88160000000000
7.20210000000000
4.52250000000000
1.13710000000000
-1.97100000000000
-5.76730000000000
-11.2970000000000
-17.6040000000000
-23.5620000000000
-29.4580000000000
-37.8460000000000
-39.5350000000000
-34.1740000000000
-28.8120000000000
-23.1020000000000
-17.0700000000000
-11.5930000000000
-9.03630000000000
-8.84790000000000
-12.7070000000000
-18.0670000000000
-22.4260000000000
-27.5800000000000
-31.3230000000000
-34.9670000000000
-38.9510000000000
-40.7370000000000
-40.9770000000000
-39.5020000000000
-36.4460000000000
-33.0050000000000
-27.9650000000000
-22.2550000000000
-14.4380000000000
-5.32340000000000
2.24500000000000
9.62580000000000
17.6670000000000
24.6170000000000
28.2400000000000
27.8690000000000
28.8110000000000
32.8270000000000
35.8610000000000
37.2410000000000
35.3780000000000
31.3530000000000
25.9880000000000
20.1580000000000
16.9550000000000
13.9670000000000
9.67340000000000
10.5800000000000
14.5960000000000
19.5860000000000
23.7180000000000
25.8930000000000
24.9780000000000
22.9540000000000
19.0090000000000
15.7880000000000
19.0630000000000
17.6650000000000
12.2990000000000
6.17450000000000
0.434010000000000
-4.89510000000000
-8.92020000000000
-12.0520000000000
-12.0920000000000
-8.18400000000000
-2.82780000000000
0.857960000000000
-0.844050000000000
-7.00490000000000
-11.6190000000000
-16.6000000000000
-21.9390000000000
-25.4990000000000
-25.0930000000000
-21.0770000000000
-16.2120000000000
-11.9100000000000
-12.0480000000000
-16.0730000000000
-21.1710000000000
-27.1350000000000
-28.7120000000000
-25.2940000000000
-23.7350000000000
-21.4880000000000
-19.5190000000000
-16.8430000000000
-14.1670000000000
-11.6070000000000
-9.95010000000000
-7.27430000000000
-6.06570000000000
-4.20040000000000
-3.79250000000000
0.215670000000000
3.80440000000000
7.09810000000000
9.44490000000000
8.70020000000000
2.48760000000000
-2.25970000000000
-2.87910000000000
0.512650000000000
5.45030000000000
13.0680000000000
16.4600000000000
14.8050000000000
10.6650000000000
7.15050000000000
5.17270000000000
6.28630000000000
7.31080000000000
7.29870000000000
8.71640000000000
11.3840000000000
15.1780000000000
18.9900000000000
20.0500000000000
16.7500000000000
11.9050000000000
10.6060000000000
14.3560000000000
19.1150000000000
20.2820000000000
17.5180000000000
12.5750000000000
7.20180000000000
3.15170000000000
-0.881260000000000
-1.32190000000000
3.49070000000000
7.82940000000000
9.24700000000000
7.32300000000000
3.29040000000000
-0.0450300000000000
-3.63970000000000
-6.56450000000000
-9.61430000000000
-14.2180000000000
-16.3210000000000
-19.2640000000000
-20.2940000000000
-19.0290000000000
-16.3610000000000
-14.1750000000000
-12.8470000000000
-14.1990000000000
-17.9900000000000
-20.5480000000000
-21.9000000000000
-22.0870000000000
-19.1830000000000
-16.1610000000000
-13.4880000000000
-11.3520000000000
-11.8330000000000
-13.8590000000000
-15.6630000000000
-15.9200000000000
-14.6320000000000
-12.9340000000000
-9.11710000000000
-5.31850000000000
-4.61130000000000
-6.88820000000000
-6.37760000000000
-3.70470000000000
-1.03190000000000
2.51620000000000
6.52920000000000
9.71120000000000
15.6900000000000
18.0140000000000
13.3970000000000
7.29570000000000
3.24110000000000
3.23360000000000
3.68170000000000
5.67550000000000
8.34850000000000
12.0940000000000
17.6710000000000
23.9610000000000
23.6320000000000
20.1840000000000
15.1910000000000
11.1370000000000
12.9520000000000
16.5180000000000
17.2340000000000
15.0290000000000
10.2150000000000
3.97990000000000
1.63150000000000
1.91870000000000
2.34010000000000
0.992350000000000
-3.81310000000000
-7.84110000000000
-10.5560000000000
-8.63380000000000
-3.77210000000000
-0.527190000000000
3.15530000000000
3.16600000000000
-1.39810000000000
-6.76640000000000
-12.1340000000000
-17.4490000000000
-17.8970000000000
-13.0150000000000
-6.94460000000000
-0.740280000000000
4.91880000000000
8.45070000000000
5.45300000000000
1.43600000000000
-2.58090000000000
-6.59780000000000
-9.44430000000000
-8.10040000000000
-6.75660000000000
-6.03830000000000
-6.86560000000000
-8.20190000000000
-7.97540000000000
-3.95120000000000
-0.963250000000000
0.380580000000000
1.72440000000000
1.93360000000000
0.391500000000000
-2.69550000000000
-6.71240000000000
-11.5510000000000
-13.8260000000000
-16.1990000000000
-15.5880000000000
-12.3950000000000
-9.08510000000000
-6.40160000000000
-1.46620000000000
2.37040000000000
5.05440000000000
7.13080000000000
4.40910000000000
-4.00390000000000
-4.63360000000000
-1.65460000000000
2.86900000000000
7.52770000000000
10.6410000000000
11.0910000000000
9.77240000000000
7.25650000000000
2.49800000000000
-1.51890000000000
-6.54450000000000
-13.6890000000000
-11.0050000000000
-8.32130000000000
-3.54690000000000
2.25540000000000
5.40410000000000
0.744040000000000
0.559550000000000
3.83300000000000
7.85720000000000
11.8830000000000
15.8410000000000
18.8070000000000
21.8710000000000
22.5320000000000
20.7530000000000
15.8840000000000
8.43260000000000
4.42070000000000
2.15100000000000
4.51840000000000
7.55580000000000
11.3790000000000
13.5320000000000
13.5410000000000
12.8700000000000
9.77000000000000
5.75800000000000
1.74600000000000
-0.434430000000000
2.82630000000000
5.30090000000000
4.68420000000000
2.05770000000000
-2.77660000000000
-4.05500000000000
-1.36630000000000
3.53840000000000
5.66470000000000
6.86170000000000
6.15540000000000
3.48380000000000
0.0436800000000000
-3.96830000000000
-8.02500000000000
-13.1270000000000
-17.1390000000000
-21.1510000000000
-23.4290000000000
-21.5440000000000
-18.9980000000000
-17.6490000000000
-16.8550000000000
-16.8460000000000
-16.8370000000000
-19.1700000000000
-21.8410000000000
-24.0660000000000
-24.0940000000000
-21.0300000000000
-17.0010000000000
-11.6580000000000
-5.84200000000000
-0.0259300000000000
4.78950000000000
9.77460000000000
15.1160000000000
18.6810000000000
20.0300000000000
20.7350000000000
19.8940000000000
16.4520000000000
11.1780000000000
5.49380000000000
-0.126750000000000
-1.17420000000000
3.96120000000000
10.6330000000000
14.8840000000000
18.5360000000000
15.3710000000000
8.67730000000000
8.25590000000000
10.7380000000000
12.4070000000000
14.5670000000000
16.6470000000000
17.4580000000000
19.7340000000000
19.9560000000000
20.8830000000000
21.5150000000000
22.0320000000000
21.0020000000000
16.1580000000000
12.8590000000000
7.50560000000000
2.15190000000000
-2.27270000000000
-6.28550000000000
-8.54860000000000
-9.36360000000000
-12.0370000000000
-14.7100000000000
-15.3290000000000
-17.7880000000000
-20.1570000000000
-21.9990000000000
-23.9580000000000
-25.2910000000000
-24.3730000000000
-21.6940000000000
-19.0070000000000
-16.3200000000000
-13.6320000000000
-10.9450000000000
-8.25810000000000
-5.57070000000000
-3.38360000000000
-2.74210000000000
-4.55760000000000
-9.46460000000000
-12.7460000000000
-11.7910000000000
-10.5880000000000
-7.90030000000000
-5.21290000000000
-2.52550000000000
0.447500000000000
3.98300000000000
5.97260000000000
8.22130000000000
10.9070000000000
12.1010000000000
10.9550000000000
10.4780000000000
14.5040000000000
18.5310000000000
22.4860000000000
24.6180000000000
25.1060000000000
25.7640000000000
24.8770000000000
23.5420000000000
19.5990000000000
15.5850000000000
11.5700000000000
11.4860000000000
15.1650000000000
13.1430000000000
8.59210000000000
2.84390000000000
-2.52870000000000
-8.33930000000000
-12.6040000000000
-12.2500000000000
-7.49120000000000
-1.92880000000000
2.87470000000000
10.2060000000000
14.5290000000000
13.7570000000000
9.74240000000000
5.05750000000000
-0.297370000000000
-3.48980000000000
-7.45030000000000
-11.4650000000000
-15.4800000000000
-18.7260000000000
-21.4000000000000
-21.6270000000000
-18.6900000000000
-14.2080000000000
-8.84250000000000
-5.20890000000000
-1.45070000000000
-2.96310000000000
-8.31800000000000
-13.1190000000000
-18.6530000000000
-22.4530000000000
-25.0200000000000
-23.9150000000000
-23.9090000000000
-24.5560000000000
-25.0320000000000
-23.9630000000000
-20.2180000000000
-17.2000000000000
-12.6360000000000
-9.52940000000000
-5.32320000000000
-2.28740000000000
0.390950000000000
3.06940000000000
6.39110000000000
9.56080000000000
12.2390000000000
13.7820000000000
16.1300000000000
16.9330000000000
16.1890000000000
12.9530000000000
11.2710000000000
12.6090000000000
13.0900000000000
11.1140000000000
7.59160000000000
4.61420000000000
0.797200000000000
-0.598890000000000
1.02530000000000
3.22110000000000
8.17780000000000
13.5180000000000
15.9820000000000
17.3210000000000
18.6590000000000
19.1660000000000
18.1280000000000
15.3290000000000
9.96610000000000
5.12180000000000
1.10000000000000
1.72330000000000
5.53640000000000
9.34940000000000
11.6170000000000
12.9550000000000
10.1830000000000
8.93050000000000
15.8350000000000
15.9580000000000
10.9170000000000
4.92910000000000
-0.433590000000000
-5.79630000000000
-11.1140000000000
-8.43590000000000
-6.97270000000000
-7.78750000000000
-12.1850000000000
-15.1890000000000
-18.9170000000000
-19.5980000000000
-16.2140000000000
-14.0210000000000
-13.8080000000000
-14.9540000000000
-15.7510000000000
-18.4430000000000
-22.7420000000000
-27.1050000000000
-26.1140000000000
-22.3910000000000
-19.7220000000000
-17.0530000000000
-11.6770000000000
-9.41830000000000
-8.62520000000000
-10.9320000000000
-11.1040000000000
-8.18480000000000
-4.17540000000000
-0.309310000000000
0.189290000000000
-2.98450000000000
-5.64050000000000
-3.41830000000000
0.591200000000000
5.56560000000000
8.23490000000000
10.3230000000000
12.4380000000000
12.1330000000000
7.25290000000000
4.02490000000000
4.48720000000000
7.17450000000000
10.3000000000000
12.9690000000000
15.6380000000000
18.6730000000000
21.5390000000000
23.6450000000000
25.3320000000000
24.2310000000000
21.0210000000000
16.1140000000000
12.7530000000000
10.0610000000000
7.36980000000000
3.69550000000000
2.34420000000000
0.992900000000000
-0.358400000000000
-2.68360000000000
-1.88160000000000
-1.39270000000000
0.365590000000000
-0.967550000000000
-6.25860000000000
-9.75450000000000
-8.47040000000000
-5.45270000000000
-1.99500000000000
0.681950000000000
2.39700000000000
1.25400000000000
-5.20750000000000
-9.67520000000000
-12.3560000000000
-11.6060000000000
-7.86280000000000
-3.84360000000000
-0.163110000000000
0.881720000000000
-1.20960000000000
-5.80260000000000
-8.86770000000000
-11.7270000000000
-9.48530000000000
-9.43250000000000
-10.7730000000000
-13.1680000000000
-13.4550000000000
-14.4650000000000
-13.9300000000000
-12.5900000000000
-10.3030000000000
-7.62360000000000
-4.94440000000000
-2.26460000000000
1.04930000000000
4.22950000000000
7.95450000000000
10.9560000000000
15.9940000000000
18.4330000000000
16.2350000000000
12.2130000000000
9.33590000000000
7.08380000000000
7.08320000000000
7.08260000000000
7.91290000000000
8.21600000000000
8.21540000000000
7.90210000000000
7.07940000000000
7.07880000000000
7.07820000000000
7.07760000000000
5.94230000000000
5.94170000000000
5.94100000000000
6.76220000000000
7.07450000000000
7.27010000000000
9.34260000000000
10.3600000000000
13.0400000000000
14.8000000000000
15.0130000000000
12.1550000000000
8.94320000000000
7.00360000000000
5.14400000000000
4.83020000000000
2.47930000000000
1.14700000000000
-0.685700000000000
-3.35810000000000
-6.94130000000000
-8.72040000000000
-8.54270000000000
-6.40830000000000
-5.97170000000000
-9.98430000000000
-11.9780000000000
-14.3640000000000
-13.7840000000000
-10.6050000000000
-9.36360000000000
-12.5000000000000
-15.4050000000000
-16.2280000000000
-13.5400000000000
-10.2620000000000
-5.43930000000000
-1.07110000000000
-2.00920000000000
-6.02180000000000
-10.0340000000000
-13.3590000000000
-13.3510000000000
-9.80560000000000
-5.77710000000000
-2.12410000000000
-1.17780000000000
-3.29630000000000
-3.98510000000000
-1.52000000000000
2.77670000000000
7.19800000000000
11.2450000000000
14.8440000000000
17.5320000000000
18.7640000000000
18.4060000000000
16.5020000000000
12.2740000000000
7.90450000000000
2.75720000000000
-0.736790000000000
-0.675690000000000
2.01260000000000
4.70090000000000
6.30830000000000
6.21810000000000
4.52850000000000
1.29320000000000
-2.71940000000000
-5.75770000000000
-9.61120000000000
-13.1280000000000
-14.0090000000000
-14.6660000000000
-16.8700000000000
-14.1850000000000
-10.0180000000000
-5.00260000000000
-0.978270000000000
3.80540000000000
9.16990000000000
9.81670000000000
8.72150000000000
8.72520000000000
8.07660000000000
7.59800000000000
5.47550000000000
5.06820000000000
2.73100000000000
0.849530000000000
-2.57760000000000
-6.59450000000000
-12.9070000000000
-17.1030000000000
-14.8840000000000
-10.2160000000000
-5.70070000000000
-0.622240000000000
2.98260000000000
0.985060000000000
-3.56780000000000
-8.18330000000000
-8.41220000000000
-4.78130000000000
-2.09670000000000
1.01630000000000
4.40610000000000
7.09020000000000
8.72880000000000
8.82170000000000
8.50390000000000
6.11330000000000
2.09640000000000
-2.85850000000000
-8.23350000000000
-13.9120000000000
-8.04710000000000
-3.39730000000000
1.96710000000000
6.29430000000000
5.45850000000000
5.14960000000000
4.33130000000000
5.05870000000000
6.40260000000000
7.74640000000000
9.09030000000000
10.4340000000000
11.7780000000000
13.9430000000000
16.6260000000000
19.0150000000000
17.0690000000000
13.0510000000000
11.1770000000000
12.1000000000000
12.3170000000000
13.0610000000000
10.3830000000000
7.09760000000000
3.89260000000000
0.196050000000000
-1.10540000000000
0.692510000000000
-0.644950000000000
-3.39420000000000
-5.58970000000000
-10.2780000000000
-13.3760000000000
-11.0860000000000
-8.54600000000000
-6.13140000000000
-3.77950000000000
-1.09670000000000
1.58610000000000
3.77770000000000
5.12030000000000
5.56070000000000
3.34750000000000
-0.822480000000000
-5.79580000000000
-8.63500000000000
-8.38280000000000
-4.03870000000000
-0.0239000000000000
0.764600000000000
-1.53830000000000
-6.24460000000000
-11.6030000000000
-14.7620000000000
-19.7100000000000
-20.8870000000000
-18.2040000000000
-16.3070000000000
-13.9730000000000
-11.3520000000000
-9.47350000000000
-5.92470000000000
-3.24180000000000
0.325400000000000
4.34840000000000
6.10210000000000
9.02620000000000
7.88510000000000
4.42980000000000
5.32540000000000
6.82020000000000
8.16280000000000
8.57600000000000
7.90560000000000
7.02920000000000
4.60700000000000
3.06030000000000
0.0222000000000000
-2.87410000000000
-3.44690000000000
0.447680000000000
1.04510000000000
-0.546310000000000
-3.22760000000000
-7.23150000000000
-11.7260000000000
-13.6030000000000
-9.83410000000000
-5.81450000000000
-2.34880000000000
1.09000000000000
4.14470000000000
8.95030000000000
6.26890000000000
5.37430000000000
9.35790000000000
13.0020000000000
16.7450000000000
20.6310000000000
21.9520000000000
18.7260000000000
15.4550000000000
11.8180000000000
10.0660000000000
6.27670000000000
4.03290000000000
2.04860000000000
0.215750000000000
-2.17990000000000
-3.60130000000000
-5.27320000000000
-7.41800000000000
-9.50070000000000
-8.39390000000000
-4.56190000000000
-0.542320000000000
3.04830000000000
6.36220000000000
8.70190000000000
8.99560000000000
7.74390000000000
6.08120000000000
2.87280000000000
-0.416130000000000
-3.09750000000000
-5.76990000000000
-7.32550000000000
-9.16690000000000
-7.29220000000000
-4.93410000000000
-4.63110000000000
-7.11600000000000
-9.80210000000000
-12.4910000000000
-15.1800000000000
-17.8700000000000
-19.4240000000000
-21.7020000000000
-20.8890000000000
-18.2170000000000
-14.7240000000000
-10.7120000000000
-6.50320000000000
-0.114980000000000
5.74510000000000
9.57850000000000
9.06950000000000
4.34340000000000
0.108500000000000
-4.85890000000000
-8.28070000000000
-10.1570000000000
-12.5240000000000
-12.8540000000000
-13.9090000000000
-13.9170000000000
-13.2200000000000
-10.9780000000000
-9.42290000000000
-6.76920000000000
-3.70450000000000
-0.291850000000000
3.18370000000000
7.19540000000000
11.1270000000000
13.7990000000000
15.9790000000000
17.3100000000000
18.6420000000000
19.9730000000000
20.3490000000000
23.0200000000000
24.5120000000000
26.0940000000000
27.7650000000000
27.6750000000000
22.8150000000000
16.6960000000000
12.6310000000000
7.26130000000000
1.89180000000000
-3.30800000000000
-6.58680000000000
-7.93580000000000
-8.49850000000000
-8.50730000000000
-9.71310000000000
-11.0620000000000
-11.4640000000000
-10.1330000000000
-5.26370000000000
-0.750020000000000
3.42590000000000
6.94980000000000
5.03300000000000
2.34730000000000
-0.338390000000000
-2.86360000000000
-2.04710000000000
-3.39270000000000
-5.40840000000000
-8.09410000000000
-12.9410000000000
-19.2900000000000
-23.6730000000000
-30.1650000000000
-33.6010000000000
-28.7370000000000
-23.3110000000000
-20.6360000000000
-18.4160000000000
-17.0820000000000
-15.7470000000000
-12.2680000000000
-9.53030000000000
-6.15850000000000
-1.91090000000000
0.764120000000000
3.43910000000000
6.14920000000000
9.44130000000000
9.43590000000000
10.7350000000000
15.1250000000000
17.2910000000000
18.4920000000000
17.4680000000000
13.4430000000000
9.41640000000000
7.30250000000000
7.11850000000000
7.11320000000000
7.54570000000000
8.88050000000000
10.2150000000000
12.6050000000000
14.1450000000000
16.8200000000000
20.0310000000000
24.0460000000000
27.1140000000000
30.9060000000000
30.2300000000000
21.6480000000000
16.3540000000000
10.4880000000000
3.03120000000000
0.335740000000000
2.95680000000000
6.49000000000000
2.21710000000000
-3.54180000000000
-7.75260000000000
-11.5530000000000
-14.2280000000000
-16.9030000000000
-19.5780000000000
-22.2530000000000
-22.4440000000000
-21.8120000000000
-19.1260000000000
-16.4410000000000
-12.8260000000000
-9.93440000000000
-5.90830000000000
-2.70420000000000
-1.35840000000000
0.809390000000000
1.44020000000000
2.58050000000000
2.28240000000000
0.947760000000000
-1.81620000000000
-3.07060000000000
-5.31640000000000
-7.99120000000000
-10.2640000000000
-9.77630000000000
-7.90320000000000
-5.53900000000000
-3.98770000000000
-1.89120000000000
-1.88560000000000
-1.17430000000000
1.08270000000000
4.88550000000000
8.91100000000000
12.5450000000000
13.4350000000000
11.2960000000000
7.61140000000000
4.73110000000000
1.28820000000000
0.445130000000000
1.84430000000000
6.33490000000000
11.7010000000000
10.1430000000000
6.12850000000000
0.934130000000000
-4.43590000000000
-9.23110000000000
-8.43940000000000
-5.19970000000000
0.166590000000000
4.15720000000000
2.37630000000000
-2.73760000000000
-7.24410000000000
-4.77260000000000
-1.14840000000000
-2.16070000000000
-4.83530000000000
-7.51000000000000
-9.38090000000000
-7.56160000000000
-3.51760000000000
0.965030000000000
3.90130000000000
3.67450000000000
0.999870000000000
-1.67480000000000
-2.01740000000000
1.29420000000000
5.32050000000000
9.34680000000000
11.9790000000000
9.97490000000000
5.08460000000000
-1.35140000000000
-4.71430000000000
-2.02820000000000
0.0950600000000000
2.20940000000000
3.92160000000000
6.35750000000000
6.61320000000000
7.50370000000000
7.50940000000000
7.51520000000000
5.37690000000000
3.97980000000000
1.60020000000000
-0.985230000000000
1.87880000000000
4.94040000000000
6.38530000000000
4.80930000000000
2.13470000000000
0.112420000000000
-2.93770000000000
-1.63570000000000
1.04990000000000
3.73600000000000
6.42220000000000
8.35780000000000
11.6160000000000
13.2920000000000
13.0660000000000
10.8550000000000
7.48400000000000
3.96130000000000
-1.10770000000000
-3.94330000000000
-6.61790000000000
-9.29260000000000
-11.9670000000000
-15.5890000000000
-14.9580000000000
-11.3800000000000
-9.60790000000000
-6.92440000000000
-4.24090000000000
-4.69310000000000
-8.29950000000000
-9.95810000000000
-11.5810000000000
-10.1130000000000
-8.36750000000000
-4.72800000000000
0.206930000000000
3.31040000000000
7.33410000000000
8.03370000000000
5.66020000000000
5.46700000000000
5.47010000000000
4.95510000000000
2.17070000000000
-0.917550000000000
-3.59480000000000
-6.47760000000000
-10.4950000000000
-14.5120000000000
-19.3510000000000
-20.5990000000000
-16.8980000000000
-12.8740000000000
-8.34110000000000
-3.69200000000000
0.331710000000000
5.48110000000000
9.51300000000000
13.1350000000000
17.0330000000000
19.9580000000000
22.3200000000000
22.3770000000000
20.2890000000000
19.7920000000000
17.7500000000000
15.9840000000000
12.4130000000000
9.71780000000000
6.25430000000000
0.896670000000000
-2.85260000000000
-6.53950000000000
-7.96560000000000
-5.76520000000000
-1.38390000000000
-2.88120000000000
-6.43420000000000
-10.2190000000000
-8.80470000000000
-6.12120000000000
-2.84800000000000
0.379960000000000
1.06530000000000
-3.74820000000000
-7.99090000000000
-7.01550000000000
-2.94860000000000
0.636140000000000
1.12950000000000
-0.333400000000000
-3.00320000000000
-6.25390000000000
-7.11860000000000
-4.77590000000000
-4.54200000000000
-6.13960000000000
-9.28280000000000
-12.6130000000000
-16.1670000000000
-19.0870000000000
-19.9790000000000
-16.5550000000000
-11.7550000000000
-7.72400000000000
-2.70990000000000
2.71530000000000
8.64890000000000
12.2690000000000
16.3010000000000
16.3650000000000
13.9550000000000
11.7410000000000
13.4490000000000
16.1400000000000
18.0630000000000
17.4660000000000
14.9580000000000
12.2880000000000
9.61840000000000
8.27080000000000
8.28160000000000
5.07540000000000
1.06560000000000
-2.24660000000000
-3.57600000000000
-3.38660000000000
-1.07070000000000
2.75500000000000
5.68750000000000
9.27200000000000
11.3110000000000
11.8040000000000
9.68840000000000
7.01880000000000
3.67030000000000
-0.589810000000000
-3.25940000000000
-5.92900000000000
-7.49080000000000
-11.0360000000000
-11.9270000000000
-11.9170000000000
-11.0610000000000
-10.7670000000000
-8.11500000000000
-4.74790000000000
-5.54410000000000
-11.0400000000000
-14.8920000000000
-15.2420000000000
-13.4470000000000
-9.84810000000000
-6.52570000000000
-2.49750000000000
1.53070000000000
4.30790000000000
6.67390000000000
8.02170000000000
7.17170000000000
7.31330000000000
9.80470000000000
11.8490000000000
9.67680000000000
5.66390000000000
2.48250000000000
-1.22650000000000
-5.13230000000000
-7.80510000000000
-9.95970000000000
-12.0160000000000
-13.7590000000000
-11.6880000000000
-10.5460000000000
-9.71650000000000
-7.64480000000000
-5.47520000000000
-2.78720000000000
1.03550000000000
4.33080000000000
10.2080000000000
12.6290000000000
9.45580000000000
6.56860000000000
3.89580000000000
1.22310000000000
-1.44970000000000
-3.30930000000000
-5.66050000000000
-7.19850000000000
-9.28130000000000
-8.27320000000000
-5.58520000000000
-6.54230000000000
-10.3320000000000
-13.5940000000000
-11.4600000000000
-7.43200000000000
-4.20790000000000
-6.56750000000000
-9.12470000000000
-7.49280000000000
-5.79760000000000
-4.41140000000000
-2.64080000000000
-0.200210000000000
1.51680000000000
5.14520000000000
7.81810000000000
10.4910000000000
14.1640000000000
16.8290000000000
16.5440000000000
14.7140000000000
13.4030000000000
12.5020000000000
12.2530000000000
8.50230000000000
5.81450000000000
1.96520000000000
-2.61670000000000
-6.64470000000000
-6.95550000000000
-4.01440000000000
-0.00203000000000000
3.33220000000000
7.77400000000000
8.76760000000000
3.73910000000000
-0.288870000000000
-3.74500000000000
-6.43280000000000
-8.13750000000000
-11.5940000000000
-8.40340000000000
-3.05010000000000
1.63330000000000
3.89550000000000
3.06620000000000
-0.854390000000000
-5.59620000000000
-11.1800000000000
-14.4390000000000
-18.1010000000000
-19.7250000000000
-19.2320000000000
-17.0150000000000
-15.6820000000000
-13.4830000000000
-11.8820000000000
-9.27210000000000
-6.59920000000000
-3.92620000000000
-2.77210000000000
-1.81460000000000
-1.68810000000000
-3.03570000000000
-5.27620000000000
-8.65210000000000
-13.0550000000000
-16.2970000000000
-16.1760000000000
-13.4970000000000
-9.72770000000000
-4.36790000000000
0.990780000000000
4.08120000000000
9.44090000000000
14.3630000000000
17.0960000000000
17.5870000000000
15.4770000000000
11.6610000000000
8.97960000000000
6.83480000000000
6.97670000000000
9.26290000000000
11.9240000000000
13.2640000000000
14.1740000000000
13.5380000000000
9.67730000000000
6.40700000000000
2.59100000000000
-0.411970000000000
-2.85230000000000
-1.38810000000000
1.29130000000000
5.10530000000000
7.57020000000000
9.32880000000000
11.3830000000000
12.7220000000000
15.0980000000000
15.1860000000000
14.4700000000000
14.7730000000000
14.1560000000000
13.2260000000000
11.8850000000000
11.4730000000000
9.20200000000000
7.86080000000000
6.51960000000000
5.17840000000000
2.70250000000000
1.05740000000000
-1.62350000000000
-4.30480000000000
-6.06600000000000
-8.53290000000000
-9.88310000000000
-10.4200000000000
-9.08090000000000
-6.92860000000000
-4.24980000000000
-1.65960000000000
-0.0256900000000000
1.65320000000000
1.65220000000000
0.744350000000000
-0.584860000000000
-3.23520000000000
-5.90360000000000
-7.97290000000000
-10.1050000000000
-10.7540000000000
-9.52740000000000
-7.88940000000000
-5.19690000000000
-2.50420000000000
-0.714130000000000
-1.57780000000000
-1.77120000000000
-3.48360000000000
-6.15180000000000
-8.82020000000000
-9.48700000000000
-9.40330000000000
-7.77400000000000
-5.08210000000000
-3.76540000000000
-1.96660000000000
-1.47190000000000
-1.45980000000000
-1.82300000000000
-2.57030000000000
-3.34450000000000
-4.67270000000000
-6.00050000000000
-7.32860000000000
-8.18330000000000
-8.17130000000000
-7.27480000000000
-4.83260000000000
-2.30090000000000
-0.948680000000000
-0.168240000000000
-0.933220000000000
-2.26130000000000
-3.48260000000000
-1.61170000000000
1.95620000000000
3.97840000000000
5.33070000000000
4.52070000000000
3.64810000000000
6.34050000000000
9.03300000000000
11.7250000000000
15.3920000000000
17.0210000000000
16.7830000000000
15.4550000000000
13.4660000000000
11.6640000000000
9.26370000000000
6.59540000000000
3.57870000000000
0.123700000000000
-2.54630000000000
-5.21670000000000
-6.71650000000000
-7.56460000000000
-6.21450000000000
-4.21240000000000
-1.52210000000000
0.105120000000000
2.72390000000000
5.07470000000000
7.51430000000000
10.7950000000000
14.4410000000000
17.2560000000000
16.8010000000000
13.6930000000000
9.68250000000000
6.52080000000000
1.74150000000000
0.295740000000000
0.305650000000000
-0.220450000000000
-2.29230000000000
-4.96270000000000
-8.78570000000000
-12.5730000000000
-15.2430000000000
-17.2790000000000
-17.7700000000000
-15.6690000000000
-15.7130000000000
-17.7400000000000
-17.2030000000000
-15.1200000000000
-12.4300000000000
-9.74020000000000
-6.83570000000000
-2.80530000000000
0.599980000000000
3.29030000000000
5.98100000000000
8.56400000000000
9.28840000000000
7.95840000000000
8.07540000000000
9.42550000000000
9.64090000000000
6.76500000000000
2.75430000000000
-0.639780000000000
-1.66610000000000
0.398940000000000
4.22340000000000
6.61000000000000
7.45090000000000
6.03150000000000
2.44080000000000
-0.444110000000000
-2.72190000000000
-2.31420000000000
0.851190000000000
2.96390000000000
0.930610000000000
0.879810000000000
3.56360000000000
6.24730000000000
8.93110000000000
11.6150000000000
14.2980000000000
16.4200000000000
14.2970000000000
10.8780000000000
8.20100000000000
6.53370000000000
6.41210000000000
6.12950000000000
5.28420000000000
3.89400000000000
2.11940000000000
-1.43300000000000
-5.45020000000000
-9.85160000000000
-14.0300000000000
-18.2970000000000
-21.6530000000000
-24.1150000000000
-22.7720000000000
-20.9460000000000
-22.3890000000000
-25.0660000000000
-24.2050000000000
-21.5570000000000
-18.4980000000000
-15.0560000000000
-10.8000000000000
-7.41890000000000
-4.73510000000000
-2.05130000000000
0.632470000000000
2.63730000000000
4.86570000000000
6.45940000000000
5.21190000000000
3.87510000000000
3.68190000000000
5.02550000000000
7.35190000000000
6.41690000000000
3.74000000000000
1.52770000000000
0.861150000000000
2.61550000000000
5.29930000000000
7.98300000000000
10.6670000000000
13.3510000000000
16.8030000000000
19.8530000000000
21.2200000000000
18.2860000000000
14.2620000000000
10.8990000000000
10.8140000000000
13.2220000000000
16.7480000000000
16.3960000000000
13.9440000000000
10.6800000000000
8.96030000000000
9.99230000000000
12.4280000000000
13.3180000000000
12.6620000000000
10.4600000000000
7.77580000000000
3.68960000000000
-1.33540000000000
-4.81470000000000
-7.49890000000000
-9.22700000000000
-10.6250000000000
-14.4170000000000
-17.1010000000000
-18.4980000000000
-19.3500000000000
-20.6940000000000
-20.7790000000000
-20.7820000000000
-20.7860000000000
-20.7900000000000
-19.8470000000000
-16.2050000000000
-12.4120000000000
-8.87810000000000
-3.52110000000000
0.996190000000000
5.01300000000000
8.79770000000000
9.81260000000000
8.75450000000000
5.33800000000000
1.31370000000000
-3.83630000000000
-5.66260000000000
-2.98600000000000
-1.56030000000000
-2.39510000000000
-4.77550000000000
-7.35200000000000
-7.75810000000000
-5.08150000000000
-2.40490000000000
0.271770000000000
2.94840000000000
5.41950000000000
6.34490000000000
5.72460000000000
4.37800000000000
1.99820000000000
0.439160000000000
-1.64730000000000
-1.66070000000000
-0.244660000000000
1.50210000000000
3.95470000000000
6.62110000000000
9.28810000000000
11.3480000000000
12.6750000000000
15.0200000000000
12.8800000000000
11.2320000000000
8.03730000000000
4.00410000000000
-0.0298300000000000
-2.94700000000000
-6.58780000000000
-6.76200000000000
-4.09500000000000
-1.42800000000000
1.23900000000000
3.82550000000000
5.43780000000000
6.13960000000000
4.14260000000000
0.984430000000000
-1.94170000000000
-5.59140000000000
-6.17660000000000
-4.84980000000000
-3.52330000000000
-3.19700000000000
-3.28170000000000
-4.63520000000000
-5.50650000000000
-4.14420000000000
-1.47720000000000
1.18980000000000
2.38270000000000
1.99420000000000
0.0597100000000000
-1.84780000000000
-1.21780000000000
1.30630000000000
3.70510000000000
5.03200000000000
5.00040000000000
3.64710000000000
1.20360000000000
-1.49020000000000
-4.18390000000000
-6.87770000000000
-9.57150000000000
-11.2820000000000
-12.5290000000000
-10.6840000000000
-6.67730000000000
-2.67120000000000
1.33440000000000
4.25910000000000
7.60370000000000
5.89120000000000
3.19590000000000
3.57360000000000
6.23910000000000
8.90460000000000
11.3200000000000
13.1010000000000
13.7830000000000
12.4280000000000
11.0730000000000
7.30520000000000
4.61040000000000
1.91510000000000
-0.780170000000000
-3.47550000000000
-5.00030000000000
-5.87280000000000
-4.10070000000000
-2.08760000000000
-0.762560000000000
0.562730000000000
3.02270000000000
4.00850000000000
3.99360000000000
4.72910000000000
6.05440000000000
7.35280000000000
8.03420000000000
10.7270000000000
10.0690000000000
8.71390000000000
7.35880000000000
6.12870000000000
6.11380000000000
6.09890000000000
6.08400000000000
6.06900000000000
6.03650000000000
4.45810000000000
2.19130000000000
0.201820000000000
-3.33340000000000
-5.27800000000000
-6.74940000000000
-8.80100000000000
-7.76180000000000
-5.09630000000000
-2.43090000000000
1.34240000000000
-0.0126500000000000
-2.20770000000000
-5.61770000000000
-8.31250000000000
-11.0080000000000
-9.97730000000000
-8.33360000000000
-5.65860000000000
-2.98370000000000
0.620450000000000
3.50090000000000
4.42470000000000
2.25780000000000
-1.76820000000000
-4.97240000000000
-7.65810000000000
-11.3800000000000
-13.0300000000000
-15.2060000000000
-13.6930000000000
-11.5180000000000
-7.93210000000000
-4.11360000000000
-1.03650000000000
2.37100000000000
5.85910000000000
7.83700000000000
10.3060000000000
11.0510000000000
9.70590000000000
9.06610000000000
7.23810000000000
5.66910000000000
4.32350000000000
2.97790000000000
3.42860000000000
4.49490000000000
5.49940000000000
6.59290000000000
4.47870000000000
4.47330000000000
3.07460000000000
0.388060000000000
-1.18920000000000
-3.67000000000000
-4.24710000000000
-1.73240000000000
1.48700000000000
5.16290000000000
9.03480000000000
10.3690000000000
10.7390000000000
9.39400000000000
7.15480000000000
4.46910000000000
0.478800000000000
-2.79650000000000
-4.14180000000000
-4.70150000000000
-2.72390000000000
-2.31820000000000
-0.179030000000000
-0.657950000000000
-2.00330000000000
-2.46460000000000
-4.64790000000000
-6.19220000000000
-8.87270000000000
-11.5520000000000
-13.4550000000000
-15.7770000000000
-13.8110000000000
-13.2920000000000
-10.6100000000000
-7.25990000000000
-3.23920000000000
-0.298780000000000
1.24740000000000
3.57120000000000
3.78640000000000
3.21510000000000
4.18930000000000
6.75370000000000
10.2750000000000
11.6160000000000
12.9570000000000
13.4310000000000
12.3590000000000
11.0200000000000
9.68010000000000
8.34090000000000
7.00160000000000
3.73190000000000
-0.251410000000000
-2.44960000000000
-1.55550000000000
1.12600000000000
3.80630000000000
7.55180000000000
8.90030000000000
8.56150000000000
6.67670000000000
3.99750000000000
1.31700000000000
-1.30860000000000
-1.54060000000000
-3.31750000000000
-4.71080000000000
-4.71020000000000
-3.65560000000000
-3.57430000000000
-3.90390000000000
-5.24380000000000
-5.84170000000000
-6.78820000000000
-8.12770000000000
-9.68980000000000
-11.5130000000000
-10.8780000000000
-10.3770000000000
-8.28570000000000
-7.99000000000000
-6.32780000000000
-3.64640000000000
-0.964370000000000
1.71880000000000
0.972510000000000
-0.363130000000000
-1.69960000000000
-3.66090000000000
-4.67540000000000
-4.67130000000000
-2.39790000000000
-2.08110000000000
-0.737180000000000
-0.840160000000000
-1.24700000000000
-2.37770000000000
-1.96270000000000
0.310940000000000
0.422130000000000
-1.73550000000000
-2.35740000000000
-2.25520000000000
-0.607100000000000
0.549750000000000
-1.50150000000000
-1.41710000000000
-0.0723700000000000
3.73710000000000
5.61780000000000
4.40690000000000
1.73120000000000
-0.945920000000000
-4.75690000000000
-6.84330000000000
-6.33890000000000
-5.70050000000000
-4.78510000000000
-3.44090000000000
-1.90900000000000
0.775170000000000
3.46010000000000
6.14380000000000
7.81920000000000
9.24320000000000
11.3560000000000
10.8690000000000
8.83620000000000
7.06170000000000
4.61850000000000
1.94120000000000
-0.734330000000000
-2.82140000000000
-4.15730000000000
-3.49260000000000
-2.07630000000000
0.607270000000000
3.29240000000000
5.28860000000000
4.84610000000000
4.60890000000000
3.13980000000000
0.463270000000000
-2.78860000000000
-6.01310000000000
-8.68220000000000
-12.4250000000000
-13.4860000000000
-13.0020000000000
-10.9720000000000
-8.28210000000000
-5.59030000000000
-6.62550000000000
-6.24850000000000
-4.89810000000000
-2.76980000000000
0.903610000000000
2.61180000000000
5.04340000000000
6.39370000000000
7.07460000000000
6.20970000000000
3.79900000000000
3.55030000000000
2.22050000000000
1.45380000000000
0.696280000000000
-0.633510000000000
-0.784000000000000
-0.773490000000000
-1.21840000000000
-1.88710000000000
-1.87660000000000
-1.86610000000000
-1.85560000000000
-1.84510000000000
-1.28060000000000
-0.689440000000000
-0.678920000000000
-0.632630000000000
0.476770000000000
0.933990000000000
1.63250000000000
3.35830000000000
4.98590000000000
7.47130000000000
8.82190000000000
9.62770000000000
8.88790000000000
7.55790000000000
5.09400000000000
3.76430000000000
2.43450000000000
0.462090000000000
-0.510780000000000
-0.500280000000000
-0.239310000000000
2.12040000000000
2.93530000000000
1.46290000000000
-0.259630000000000
-1.58980000000000
-2.92270000000000
-4.25920000000000
-5.59480000000000
-6.09090000000000
-7.13190000000000
-7.21710000000000
-7.21280000000000
-7.20860000000000
-7.20430000000000
-7.20000000000000
-4.92640000000000
-4.70790000000000
-4.20330000000000
-3.66290000000000
-1.80940000000000
-0.464570000000000
-1.60370000000000
-2.94000000000000
-3.75760000000000
-3.75330000000000
-4.67820000000000
-6.01410000000000
-6.00990000000000
-5.59500000000000
-4.86670000000000
-4.04070000000000
-2.69610000000000
-1.35180000000000
-0.310930000000000
-0.306670000000000
0.412460000000000
2.67740000000000
3.11010000000000
3.50800000000000
5.38800000000000
6
8.15730000000000
9.82350000000000
10.9890000000000
9.35900000000000
6.18180000000000
2.87190000000000
-0.715810000000000
-2.49840000000000
-4.78140000000000
-4.77710000000000
-3.57530000000000
-1.69520000000000
0.658500000000000
3.34320000000000
6.02770000000000
9.20410000000000
11.8350000000000
11.3750000000000
7.82390000000000
5.11980000000000
2.06050000000000
-1.36580000000000
-4.04260000000000
-7.72350000000000
-8.27950000000000
-10.4160000000000
-9.94350000000000
-9.30180000000000
-7.52550000000000
-4.85520000000000
-2.69430000000000
-4.42020000000000
-7.11040000000000
-10.5880000000000
-13.6260000000000
-12.6620000000000
-9.99300000000000
-7.32320000000000
-4.65260000000000
-4.63590000000000
-7.07700000000000
-5.72040000000000
-3.04950000000000
-0.380020000000000
2.29050000000000
4.96040000000000
6.49490000000000
9.16590000000000
11.3710000000000
12.7010000000000
14.0310000000000
13.1990000000000
12.9830000000000
11.9900000000000
10.8540000000000
9.70020000000000
8.71580000000000
6.27560000000000
6.01490000000000
4.66480000000000
3.31410000000000
2.83050000000000
0.676650000000000
-0.880250000000000
-3.22190000000000
-5.12670000000000
-7.05750000000000
-6.47820000000000
-3.97780000000000
-1.30760000000000
0.915470000000000
2.89710000000000
3.85220000000000
1.71580000000000
-0.573010000000000
1.09620000000000
3.76670000000000
4.18530000000000
1.87920000000000
-0.811480000000000
-3.50200000000000
-6.19290000000000
-8.88240000000000
-11.5710000000000
-12.1510000000000
-10.6470000000000
-8.28800000000000
-10.4390000000000
-13.2700000000000
-14.4570000000000
-14.4290000000000
-12.2020000000000
-10.9230000000000
-8.17900000000000
-6.84590000000000
-3.42310000000000
-1.79550000000000
0.877680000000000
3.55020000000000
6.22380000000000
8.89600000000000
12.6950000000000
14.2420000000000
15.6560000000000
14.3080000000000
12.9610000000000
12.6490000000000
14.9110000000000
14.2780000000000
12.1090000000000
10.0370000000000
6.42050000000000
3.52810000000000
0.839210000000000
-1.43740000000000
-2.78520000000000
-4.13250000000000
-5.48050000000000
-4.46010000000000
-3.85940000000000
-2.20570000000000
-0.784000000000000
0.0488400000000000
0.0414300000000000
2.30340000000000
3.09980000000000
4.55790000000000
5.36350000000000
5.67770000000000
8.02910000000000
8.77230000000000
6.92400000000000
4.94230000000000
2.68330000000000
1.11240000000000
-1.37000000000000
-2.32440000000000
-3.52840000000000
-4.60860000000000
-6.63480000000000
-8.02750000000000
-8.31950000000000
-9.66030000000000
-8.90750000000000
-8.02860000000000
-5.80960000000000
-4.26200000000000
-1.57810000000000
0.514920000000000
2.65340000000000
4.33570000000000
5.60710000000000
5.33290000000000
3.51370000000000
2.21150000000000
3.10770000000000
4.45070000000000
5.62400000000000
6.37750000000000
7.31830000000000
5.98060000000000
3.65210000000000
-0.160040000000000
-2.56980000000000
-3.90700000000000
-5.24470000000000
-5.69750000000000
-6.78480000000000
-6.98710000000000
-7.95840000000000
-7.95560000000000
-7.17590000000000
-6.81530000000000
-6.75930000000000
-5.41570000000000
-4.07290000000000
-3.40000000000000
-3.39720000000000
-3.39440000000000
-2.10500000000000
-1.11940000000000
0.00935000000000000
1.15550000000000
2.13240000000000
4.56520000000000
4.81840000000000
6.16110000000000
6.18210000000000
4.84440000000000
4.57920000000000
1.17800000000000
0.832600000000000
-0.505100000000000
-1.84220000000000
-3.17980000000000
-4.51710000000000
-5.61320000000000
-5.61040000000000
-4.95560000000000
-4.47010000000000
-3.40420000000000
-5.73190000000000
-6.72740000000000
-6.72220000000000
-5.96640000000000
-4.62140000000000
-4.49150000000000
-7.16590000000000
-8.96570000000000
-7.67400000000000
-4.13920000000000
-3.27690000000000
-0.752830000000000
1.60290000000000
3.48380000000000
4.68650000000000
4.69170000000000
5.84940000000000
6.97140000000000
6.97650000000000
6.98170000000000
6.98690000000000
5.94680000000000
4.61180000000000
3.59830000000000
3.07660000000000
2.47400000000000
4.35500000000000
5.90570000000000
8.16290000000000
7.74840000000000
5.78780000000000
3.11320000000000
0.437190000000000
-1.10330000000000
-2.83990000000000
-0.976460000000000
0.985070000000000
3.25980000000000
4.81050000000000
8.42530000000000
8.94860000000000
6.99670000000000
3.50030000000000
-0.516370000000000
-4.43220000000000
-6.80360000000000
-7.62950000000000
-6.19530000000000
-4.42940000000000
-3.08450000000000
-2.13230000000000
-3.86880000000000
-6.54360000000000
-9.21940000000000
-10.8760000000000
-12.2110000000000
-12.9570000000000
-12.1110000000000
-12.1060000000000
-11.1900000000000
-9.84420000000000
-8.68640000000000
-7.89460000000000
-5.20940000000000
-3.32740000000000
-1.98230000000000
-1.69030000000000
0.708700000000000
2.54620000000000
3.83750000000000
2.94070000000000
1.60540000000000
1.76250000000000
3.10840000000000
4.45360000000000
5.79930000000000
6.14400000000000
5.01460000000000
4.74290000000000
3.40840000000000
2.07320000000000
1.63180000000000
-0.560640000000000
-1.93130000000000
-2.89090000000000
-2.30500000000000
-0.173790000000000
2.51210000000000
6.27000000000000
7.61560000000000
8.01430000000000
6.67920000000000
5.34430000000000
1.82890000000000
0.244140000000000
-1.69790000000000
-1.69260000000000
-0.910050000000000
-0.547300000000000
-1.67670000000000
-1.67140000000000
-1.66610000000000
-1.66070000000000
-2.53100000000000
-2.78480000000000
-2.77950000000000
-2.77420000000000
-2.76890000000000
-2.76360000000000
-1.78420000000000
-2.70850000000000
-1.61300000000000
-1.60770000000000
-1.60240000000000
-1.59710000000000
-1.59180000000000
-0.308670000000000
0.688180000000000
1.24680000000000
2.59170000000000
4.90020000000000
6.45100000000000
8.41220000000000
7.07560000000000
5.73990000000000
3.54550000000000
1.93330000000000
0.731270000000000
1.07500000000000
2.41920000000000
3.01320000000000
1.10580000000000
-0.436590000000000
-2.64760000000000
-3.08140000000000
-3.77380000000000
-2.07270000000000
0.612690000000000
0.777430000000000
0.120260000000000
-1.48350000000000
-2.22090000000000
-3.55680000000000
-6.02700000000000
-7.14010000000000
-7.13590000000000
-7.13170000000000
-6.28790000000000
-5.98860000000000
-4.73370000000000
-3.06760000000000
-1.43730000000000
0.0313400000000000
0.840380000000000
3.12260000000000
4.68210000000000
6.94620000000000
7.03960000000000
4.87290000000000
2.19650000000000
4.48840000000000
6.85980000000000
7.16790000000000
5.10860000000000
3.36140000000000
0.890750000000000
0.689400000000000
-0.646460000000000
-1.98220000000000
-3.31840000000000
-3.62690000000000
-3.62280000000000
-3.31500000000000
-2.47970000000000
-2.47550000000000
-2.47130000000000
-1.34160000000000
-0.194060000000000
-0.194480000000000
0.409840000000000
1.74750000000000
2.06620000000000
2.15280000000000
3.19510000000000
3.19230000000000
3.18940000000000
2.27530000000000
0.932160000000000
-0.410840000000000
-1.36080000000000
-1.36370000000000
-0.562240000000000
0.774660000000000
0.897020000000000
0.608280000000000
-0.734600000000000
-2.07790000000000
-4.32280000000000
-5.89880000000000
-7.06300000000000
-7.06580000000000
-6.47910000000000
-5.93690000000000
-3.93840000000000
-3.60230000000000
-2.54160000000000
-1.58000000000000
0.409990000000000
0.853840000000000
1.94980000000000
1.98270000000000
1.97990000000000
1.39610000000000
0.839430000000000
-0.155450000000000
-1.49800000000000
-2.84160000000000
-3.71080000000000
-3.71370000000000
-5.48580000000000
-5.98870000000000
-7.12630000000000
-7.12920000000000
-6.56010000000000
-6.00030000000000
-6.00310000000000
-5.95240000000000
-4.61550000000000
-3.27780000000000
-2.61060000000000
-0.862430000000000
0.733920000000000
0.784740000000000
0.424580000000000
-0.918680000000000
-2.26140000000000
-3.60440000000000
-2.63380000000000
-2.13710000000000
0.0848500000000000
0.0998800000000000
-0.377090000000000
-2.52480000000000
-4.49410000000000
-1.17260000000000
0.164080000000000
2.26080000000000
3.97290000000000
5.31000000000000
6.64700000000000
7.09030000000000
5.74720000000000
5.26160000000000
7.38460000000000
8.92710000000000
10.9250000000000
11.4670000000000
12.8040000000000
13.1850000000000
12.0480000000000
12.0440000000000
11.1660000000000
8.48210000000000
5.79930000000000
3.11490000000000
-0.577580000000000
-1.92140000000000
-3.80030000000000
-5.74210000000000
-6.13880000000000
-6.12460000000000
-4.56350000000000
-1.88660000000000
-1.11260000000000
-2.45570000000000
-4.84510000000000
-6.27700000000000
-7.29870000000000
-7.30190000000000
-7.30500000000000
-5.43160000000000
-3.89000000000000
-1.21180000000000
1.88450000000000
5.27710000000000
7.95390000000000
6.48620000000000
2.77440000000000
0.806640000000000
-2.69980000000000
-4.65930000000000
-5.07360000000000
-7.34610000000000
-7.34920000000000
-7.35240000000000
-6.73940000000000
-5.39890000000000
-5.07970000000000
-3.74110000000000
-1.05330000000000
1.63500000000000
3.60820000000000
6.79570000000000
10.8250000000000
12.9320000000000
11.1970000000000
9.13190000000000
11.0520000000000
12.0240000000000
10.6280000000000
7.20550000000000
4.87310000000000
2.27110000000000
0.0274100000000000
-1.52870000000000
-0.216740000000000
1.13120000000000
2.47880000000000
3.02250000000000
3.03010000000000
2.87720000000000
0.775920000000000
-0.198830000000000
-1.47820000000000
-2.37270000000000
-7.03000000000000
-6.77190000000000
-4.08420000000000
-0.806170000000000
1.63150000000000
1.97900000000000
4.25590000000000
4.26350000000000
3.78860000000000
3.14400000000000
2.25820000000000
2.02450000000000
0.727700000000000
-0.604760000000000
-1.93760000000000
-3.26990000000000
-4.60280000000000
-7.06960000000000
-8.40220000000000
-10.2080000000000
-10.1660000000000
-6.59230000000000
-2.56550000000000
2.59870000000000
5.16120000000000
2.68440000000000
-1.32790000000000
-5.33970000000000
-7.89740000000000
-3.87050000000000
-0.305800000000000
2.38230000000000
3.32040000000000
0.0859000000000000
-2.63980000000000
-3.52510000000000
-0.0594900000000000
1.09340000000000
1.10180000000000
-1.24900000000000
-3.41990000000000
-3.41150000000000
-3.40300000000000
-2.52820000000000
-0.106850000000000
1.16110000000000
1.16950000000000
0.624200000000000
-0.707730000000000
0.855390000000000
3.47270000000000
3.96370000000000
5.75900000000000
5.76740000000000
4.91840000000000
3.58660000000000
2.25490000000000
1.94170000000000
4.08530000000000
6.93550000000000
9.05180000000000
10.3740000000000
10.1500000000000
9.25610000000000
8.62130000000000
7.28990000000000
5.95770000000000
3.49140000000000
1.82970000000000
-0.306660000000000
-2.37960000000000
-4.10470000000000
-4.26590000000000
-3.14070000000000
-2.27460000000000
-0.854410000000000
-1.68570000000000
-4.06250000000000
-4.23300000000000
-3.58160000000000
-1.41960000000000
-0.803610000000000
-2.67180000000000
-4.19940000000000
-5.31690000000000
-6.14810000000000
-6.31920000000000
-3.62970000000000
-3.01370000000000
-0.736100000000000
-0.730370000000000
-0.726360000000000
-0.722330000000000
-1.64700000000000
-1.84890000000000
-4.31930000000000
-5.65600000000000
-5.75920000000000
-5.23690000000000
-3.17820000000000
-1.72620000000000
-0.0786300000000000
2.09630000000000
3.44080000000000
4.78460000000000
6.12930000000000
7.27670000000000
7.28070000000000
7.89220000000000
8.42340000000000
8.42750000000000
8.34250000000000
7.00590000000000
5.17000000000000
3.19900000000000
0.951800000000000
0.508900000000000
1.64760000000000
1.65160000000000
1.65560000000000
1.65970000000000
-0.355220000000000
-1.89680000000000
-4.28750000000000
-5.62340000000000
-6.95990000000000
-6.49100000000000
-5.14730000000000
-2.48910000000000
-0.189440000000000
1.74490000000000
2.83860000000000
1.84190000000000
-0.628920000000000
-1.41090000000000
0.415650000000000
3.09960000000000
6.67770000000000
8.50430000000000
9.50900000000000
7.42270000000000
3.40550000000000
0.176000000000000
-0.517140000000000
-1.71020000000000
-3.04630000000000
-4.38260000000000
-5.03970000000000
-4.15110000000000
-2.80540000000000
-0.482500000000000
0.258410000000000
2.37560000000000
2.94750000000000
2.95620000000000
1.77650000000000
0.185930000000000
-1.55650000000000
-2.21790000000000
-4.42570000000000
-2.77250000000000
-0.387120000000000
-0.378450000000000
-0.369780000000000
-1.89820000000000
-3.59550000000000
-3.83770000000000
-6.25850000000000
-7.58990000000000
-8.92160000000000
-9.38650000000000
-8.30550000000000
-6.81450000000000
-4.47320000000000
-3.12460000000000
-1.77560000000000
-1.39170000000000
-1.41840000000000
-2.50910000000000
-2.50040000000000
-2.49170000000000
-2.48310000000000
-0.348160000000000
2.20690000000000
3.89540000000000
4.40460000000000
0.983230000000000
-1.11790000000000
-0.0998400000000000
2.59010000000000
4.84070000000000
5.54640000000000
3.85740000000000
0.132600000000000
-1.11040000000000
0.568330000000000
3.25800000000000
5.94660000000000
8.63590000000000
11.3070000000000
12.6560000000000
13.5760000000000
11.6820000000000
8.50960000000000
7.92840000000000
10.2060000000000
10.8580000000000
13.0200000000000
13.6350000000000
12.7010000000000
11.3560000000000
8.89350000000000
7.13690000000000
4.46040000000000
2.61390000000000
1.27760000000000
-1.08690000000000
-1.08340000000000
-0.561890000000000
0.0582800000000000
0.0617900000000000
-1.06940000000000
-3.33520000000000
-4.15400000000000
-5.59760000000000
-6.41630000000000
-8.77990000000000
-9.08920000000000
-10.1220000000000
-9.60970000000000
-8.26570000000000
-6.92240000000000
-4.45230000000000
-4.03860000000000
-1.75630000000000
-0.412860000000000
1.74320000000000
2.39070000000000
0.0358800000000000
-1.30120000000000
-2.63760000000000
-3.97450000000000
-4.39980000000000
-6.62890000000000
-7.98440000000000
-8.92800000000000
-9.52330000000000
-10.0560000000000
-10.0520000000000
-8.83370000000000
-7.20340000000000
-4.52020000000000
-2.53350000000000
-0.286920000000000
0.180890000000000
2.45370000000000
2.84130000000000
4.18520000000000
5.52870000000000
5.87180000000000
7.08150000000000
8.14810000000000
8.15160000000000
7.46740000000000
6.13050000000000
5.89280000000000
5.72650000000000
4.76300000000000
4.17550000000000
2.82360000000000
2.46360000000000
1.25510000000000
0.171370000000000
-0.313590000000000
-0.986210000000000
-0.113040000000000
0.125560000000000
2.38350000000000
2.37200000000000
3.50390000000000
5.39590000000000
5.74170000000000
8.05330000000000
8.86370000000000
7.04710000000000
5.02590000000000
2.79900000000000
1.18800000000000
-1.29830000000000
-2.65000000000000
-4.00140000000000
-5.35340000000000
-7.67830000000000
-9.14640000000000
-9.65790000000000
-11.4390000000000
-11.4500000000000
-11.4620000000000
-11.4730000000000
-10.0640000000000
-8.09180000000000
-6.99570000000000
-5.84540000000000
-3.92700000000000
-3.52840000000000
-0.858320000000000
1.81030000000000
3.82730000000000
4.29800000000000
4.28650000000000
3.14040000000000
2.45020000000000
0.303120000000000
-1.04820000000000
-0.487820000000000
0.813860000000000
0.337290000000000
-1.91610000000000
-2.62450000000000
-4.33360000000000
-4.91670000000000
-5.93760000000000
-4.93960000000000
-3.87870000000000
-1.95170000000000
-1.56990000000000
0.687990000000000
1.12480000000000
2.94090000000000
3.56760000000000
4.90060000000000
6.23340000000000
7.45020000000000
7.12140000000000
6.30080000000000
5.56070000000000
3.27570000000000
2.86560000000000
1.51850000000000
0.590700000000000
-0.0420100000000000
-1.38970000000000
-2.73720000000000
-2.84270000000000
-2.22450000000000
-0.588090000000000
-1.31920000000000
-2.66660000000000
-2.87950000000000
-1.54670000000000
0.197380000000000
1.63710000000000
3.27330000000000
4.91910000000000
7.38660000000000
8.41570000000000
7.89930000000000
5.83670000000000
4.06970000000000
2.72170000000000
0.239940000000000
-0.705740000000000
-1.32060000000000
-2.66780000000000
-4.01570000000000
-5.27380000000000
-5.28120000000000
-5.28850000000000
-4.59020000000000
-4.16860000000000
-4.17590000000000
-1.72630000000000
-0.786610000000000
0.403590000000000
1.46800000000000
0.450770000000000
0.158090000000000
-1.95810000000000
-2.45680000000000
-3.10740000000000
-1.30970000000000
-0.852800000000000
0.274520000000000
0.267190000000000
-0.330000000000000
-1.67740000000000
-3.02020000000000
-5.42050000000000
-5.69320000000000
-6.06470000000000
-4.03300000000000
-2.24170000000000
-1.99640000000000
0.276970000000000
0.656140000000000
2.00010000000000
2.55840000000000
2.56240000000000
2.62930000000000
3.97300000000000
4.84380000000000
4.84780000000000
6.62030000000000
6.03500000000000
5.99460000000000
5.99860000000000
6.00260000000000
5.22920000000000
4.87600000000000
4.88000000000000
4.88400000000000
4.42380000000000
3.08730000000000
2.62680000000000
1.54980000000000
1.50010000000000
1.14670000000000
-0.189230000000000
-0.757130000000000
-1.72680000000000
-1.92820000000000
-2.76440000000000
-2.78650000000000
-4.80220000000000
-3.53900000000000
-2.99830000000000
-2.99430000000000
-2.99030000000000
-2.43220000000000
-1.84760000000000
-1.84350000000000
-1.80370000000000
-0.700800000000000
-0.696790000000000
0.612190000000000
1.58060000000000
0.521530000000000
-1.94930000000000
-2.94600000000000
-1.85180000000000
0.832000000000000
2.56100000000000
1.52900000000000
-2.02330000000000
-3.35960000000000
-4.05230000000000
-3.19880000000000
-1.85420000000000
0.500780000000000
0.835970000000000
2.18130000000000
2.78470000000000
3.73610000000000
3.92910000000000
3.93390000000000
3.93880000000000
3.30930000000000
2.81380000000000
2.81870000000000
3.84170000000000
2.50680000000000
1.69860000000000
0.970680000000000
0.573610000000000
-2.83470000000000
-3.95540000000000
-3.11020000000000
-0.425550000000000
0.597890000000000
-1.47020000000000
-5.06570000000000
-4.74810000000000
-2.88540000000000
-0.923430000000000
1.35060000000000
1.76660000000000
1.36050000000000
-0.493070000000000
-0.488230000000000
-1.30510000000000
-1.61320000000000
-0.571790000000000
-1.60350000000000
-1.59860000000000
-0.879420000000000
-0.454230000000000
0.676110000000000
-3.10740000000000
-5.38030000000000
-6.71590000000000
-6.42500000000000
-3.04250000000000
-1.37600000000000
1.01380000000000
2.85960000000000
4.13300000000000
4.13790000000000
5.25950000000000
5.28230000000000
4.89410000000000
4.15730000000000
4.16220000000000
2.14820000000000
1.74200000000000
-0.933420000000000
-2.13520000000000
-0.0940100000000000
1.68920000000000
0.818400000000000
-3.32160000000000
-7.52610000000000
-8.86140000000000
-8.60700000000000
-6.26230000000000
-2.44160000000000
0.243250000000000
2.44590000000000
3.10250000000000
4.89380000000000
4.28230000000000
1.47270000000000
-1.79290000000000
-2.54760000000000
-0.970080000000000
0.722590000000000
1.87930000000000
-0.795570000000000
-3.47100000000000
-6.14720000000000
-6.16950000000000
-4.82430000000000
-2.18470000000000
0.501130000000000
2.61390000000000
3.18150000000000
3.18620000000000
0.761910000000000
-1.95960000000000
0.260380000000000
0.935400000000000
-0.810780000000000
-3.48670000000000
-4.57220000000000
-2.51390000000000
0.949950000000000
3.63440000000000
7.29430000000000
8.91530000000000
8.66950000000000
7.33430000000000
4.67570000000000
2.39380000000000
-0.0131000000000000
-2.40350000000000
-3.09530000000000
-5.21770000000000
-7.31230000000000
-8.05830000000000
-6.84740000000000
-4.40420000000000
-3.05900000000000
-1.06240000000000
0.765270000000000
1.04700000000000
-0.350100000000000
-2.68450000000000
-4.56350000000000
-6.48660000000000
-7.82020000000000
-5.69680000000000
-4.35030000000000
-3.00350000000000
-1.01420000000000
-0.0244000000000000
-0.0179800000000000
2.25780000000000
2.59490000000000
3.40530000000000
4.15330000000000
4.55280000000000
4.55920000000000
4.78900000000000
5.27770000000000
4.57840000000000
4.58480000000000
4.59130000000000
4.59770000000000
4.28250000000000
3.47590000000000
3.48230000000000
3.48870000000000
2.35120000000000
1.23220000000000
1.23860000000000
0.619640000000000
-0.713800000000000
-1.01150000000000
0.343340000000000
2.40540000000000
2.92970000000000
4.27660000000000
4.69390000000000
4.70040000000000
5.63600000000000
4.71320000000000
3.48630000000000
1.63480000000000
0.300620000000000
-1.13090000000000
-3.19740000000000
-4.20960000000000
-6.88300000000000
-8.63730000000000
-9.97060000000000
-11.1080000000000
-10.2980000000000
-8.21820000000000
-8.49780000000000
-9.83120000000000
-11.1650000000000
-12.2040000000000
-12.1980000000000
-11.4860000000000
-9.22860000000000
-7.66130000000000
-7.26450000000000
-4.97380000000000
-3.03200000000000
-1.95560000000000
-0.942620000000000
-0.813740000000000
-0.810110000000000
-1.29790000000000
-2.63420000000000
-4.87270000000000
-5.33440000000000
-5.33080000000000
-4.94280000000000
-4.18890000000000
-4.18530000000000
-3.18100000000000
-2.97180000000000
-1.90510000000000
-1.90150000000000
-1.20990000000000
0.133700000000000
-0.720240000000000
0.551950000000000
1.52050000000000
2.68540000000000
3.79710000000000
5.78380000000000
6.13600000000000
7.74780000000000
9.95820000000000
11.9810000000000
13.7800000000000
12.9440000000000
10.4730000000000
9.13700000000000
7.22850000000000
5.32920000000000
4.97510000000000
3.79080000000000
2.71290000000000
1.78730000000000
-0.219560000000000
-1.55580000000000
-1.81130000000000
-3.09430000000000
-4.43070000000000
-5.76750000000000
-6.33560000000000
-6.33200000000000
-6.32840000000000
-6.07430000000000
-4.73090000000000
-4.70910000000000
-5.17930000000000
-3.03200000000000
-3.04580000000000
-3.68560000000000
-2.34150000000000
-1.75720000000000
-1.75360000000000
-1.71420000000000
-0.130060000000000
1.66120000000000
1.01290000000000
-1.18150000000000
-2.79510000000000
-4.13170000000000
-5.80750000000000
-6.30540000000000
-5.87220000000000
-7.20840000000000
-7.35660000000000
-6.24540000000000
-5.80380000000000
-3.81700000000000
-1.13260000000000
-0.557620000000000
1.96490000000000
3.98830000000000
5.06370000000000
7.00650000000000
9.29710000000000
9.69400000000000
10.8140000000000
10.8180000000000
10.1870000000000
8.85090000000000
8.55940000000000
8.79510000000000
10.8360000000000
9.78570000000000
7.84110000000000