dt=0.001//sampling data for data;
-0.0969000000000000
-0.100000000000000
-0.104000000000000
-0.108000000000000
-0.112000000000000
-0.115000000000000
-0.120000000000000
-0.124000000000000
-0.128000000000000
-0.133000000000000
-0.137000000000000
-0.142000000000000
-0.147000000000000
-0.152000000000000
-0.157000000000000
-0.163000000000000
-0.168000000000000
-0.174000000000000
-0.180000000000000
-0.186000000000000
-0.193000000000000
-0.199000000000000
-0.206000000000000
-0.213000000000000
-0.220000000000000
-0.228000000000000
-0.235000000000000
-0.243000000000000
-0.251000000000000
-0.260000000000000
-0.268000000000000
-0.277000000000000
-0.286000000000000
-0.296000000000000
-0.305000000000000
-0.315000000000000
-0.326000000000000
-0.336000000000000
-0.347000000000000
-0.358000000000000
-0.370000000000000
-0.382000000000000
-0.394000000000000
-0.407000000000000
-0.420000000000000
-0.433000000000000
-0.447000000000000
-0.461000000000000
-0.475000000000000
-0.490000000000000
-0.506000000000000
-0.521000000000000
-0.538000000000000
-0.554000000000000
-0.572000000000000
-0.589000000000000
-0.607000000000000
-0.626000000000000
-0.645000000000000
-0.665000000000000
-0.685000000000000
-0.706000000000000
-0.727000000000000
-0.749000000000000
-0.771000000000000
-0.794000000000000
-0.818000000000000
-0.842000000000000
-0.867000000000000
-0.893000000000000
-0.919000000000000
-0.946000000000000
-0.974000000000000
-1
-1.03000000000000
-1.06000000000000
-1.09000000000000
-1.12000000000000
-1.16000000000000
-1.19000000000000
-1.22000000000000
-1.26000000000000
-1.29000000000000
-1.33000000000000
-1.37000000000000
-1.40000000000000
-1.44000000000000
-1.48000000000000
-1.52000000000000
-1.57000000000000
-1.61000000000000
-1.65000000000000
-1.70000000000000
-1.75000000000000
-1.79000000000000
-1.84000000000000
-1.89000000000000
-1.94000000000000
-1.99000000000000
-2.05000000000000
-2.10000000000000
-2.16000000000000
-2.21000000000000
-2.27000000000000
-2.33000000000000
-2.39000000000000
-2.45000000000000
-2.52000000000000
-2.58000000000000
-2.65000000000000
-2.72000000000000
-2.79000000000000
-2.86000000000000
-2.93000000000000
-3
-3.08000000000000
-3.15000000000000
-3.23000000000000
-3.31000000000000
-3.39000000000000
-3.48000000000000
-3.56000000000000
-3.65000000000000
-3.74000000000000
-3.83000000000000
-3.92000000000000
-4.02000000000000
-4.11000000000000
-4.21000000000000
-4.31000000000000
-4.41000000000000
-4.51000000000000
-4.62000000000000
-4.73000000000000
-4.84000000000000
-4.95000000000000
-5.06000000000000
-5.18000000000000
-5.30000000000000
-5.42000000000000
-5.54000000000000
-5.66000000000000
-5.79000000000000
-5.92000000000000
-6.05000000000000
-6.18000000000000
-6.32000000000000
-6.46000000000000
-6.60000000000000
-6.74000000000000
-6.88000000000000
-7.03000000000000
-7.18000000000000
-7.33000000000000
-7.49000000000000
-7.65000000000000
-7.81000000000000
-7.97000000000000
-8.13000000000000
-8.30000000000000
-8.47000000000000
-8.64000000000000
-8.82000000000000
-9
-9.18000000000000
-9.36000000000000
-9.55000000000000
-9.74000000000000
-9.93000000000000
-10.1000000000000
-10.3000000000000
-10.5000000000000
-10.7000000000000
-10.9000000000000
-11.1000000000000
-11.3000000000000
-11.6000000000000
-11.8000000000000
-12
-12.2000000000000
-12.4000000000000
-12.7000000000000
-12.9000000000000
-13.1000000000000
-13.4000000000000
-13.6000000000000
-13.8000000000000
-14.1000000000000
-14.3000000000000
-14.6000000000000
-14.8000000000000
-15.1000000000000
-15.3000000000000
-15.6000000000000
-15.9000000000000
-16.1000000000000
-16.4000000000000
-16.7000000000000
-16.9000000000000
-17.2000000000000
-17.5000000000000
-17.8000000000000
-18
-18.3000000000000
-18.6000000000000
-18.9000000000000
-19.2000000000000
-19.5000000000000
-19.8000000000000
-20.1000000000000
-20.4000000000000
-20.7000000000000
-21
-21.3000000000000
-21.6000000000000
-21.9000000000000
-22.2000000000000
-22.5000000000000
-22.9000000000000
-23.2000000000000
-23.5000000000000
-23.8000000000000
-24.1000000000000
-24.5000000000000
-24.8000000000000
-25.1000000000000
-25.4000000000000
-25.8000000000000
-26.1000000000000
-26.4000000000000
-26.8000000000000
-27.1000000000000
-27.4000000000000
-27.7000000000000
-28.1000000000000
-28.4000000000000
-28.7000000000000
-29.1000000000000
-29.4000000000000
-29.7000000000000
-30.1000000000000
-30.4000000000000
-30.7000000000000
-31.1000000000000
-31.4000000000000
-31.7000000000000
-32.1000000000000
-32.4000000000000
-32.7000000000000
-33
-33.4000000000000
-33.7000000000000
-34
-34.3000000000000
-34.7000000000000
-35
-35.3000000000000
-35.6000000000000
-35.9000000000000
-36.2000000000000
-36.5000000000000
-36.8000000000000
-37.1000000000000
-37.4000000000000
-37.7000000000000
-38
-38.3000000000000
-38.5000000000000
-38.8000000000000
-39.1000000000000
-39.4000000000000
-39.6000000000000
-39.9000000000000
-40.1000000000000
-40.4000000000000
-40.6000000000000
-40.9000000000000
-41.1000000000000
-41.3000000000000
-41.5000000000000
-41.7000000000000
-42
-42.2000000000000
-42.4000000000000
-42.5000000000000
-42.7000000000000
-42.9000000000000
-43.1000000000000
-43.2000000000000
-43.4000000000000
-43.5000000000000
-43.7000000000000
-43.8000000000000
-43.9000000000000
-44
-44.1000000000000
-44.2000000000000
-44.3000000000000
-44.4000000000000
-44.4000000000000
-44.5000000000000
-44.5000000000000
-44.6000000000000
-44.6000000000000
-44.6000000000000
-44.6000000000000
-44.6000000000000
-44.6000000000000
-44.6000000000000
-44.5000000000000
-44.5000000000000
-44.4000000000000
-44.4000000000000
-44.3000000000000
-44.2000000000000
-44.1000000000000
-44
-43.8000000000000
-43.7000000000000
-43.5000000000000
-43.4000000000000
-43.2000000000000
-43
-42.8000000000000
-42.6000000000000
-42.3000000000000
-42.1000000000000
-41.8000000000000
-41.5000000000000
-41.3000000000000
-41
-40.6000000000000
-40.3000000000000
-40
-39.6000000000000
-39.2000000000000
-38.9000000000000
-38.5000000000000
-38
-37.6000000000000
-37.2000000000000
-36.7000000000000
-36.2000000000000
-35.8000000000000
-35.3000000000000
-34.7000000000000
-34.2000000000000
-33.7000000000000
-33.1000000000000
-32.5000000000000
-31.9000000000000
-31.3000000000000
-30.7000000000000
-30.1000000000000
-29.4000000000000
-28.8000000000000
-28.1000000000000
-27.4000000000000
-26.7000000000000
-26
-25.3000000000000
-24.5000000000000
-23.7000000000000
-23
-22.2000000000000
-21.4000000000000
-20.6000000000000
-19.7000000000000
-18.9000000000000
-18
-17.2000000000000
-16.3000000000000
-15.4000000000000
-14.5000000000000
-13.5000000000000
-12.6000000000000
-11.7000000000000
-10.7000000000000
-9.73000000000000
-8.75000000000000
-7.76000000000000
-6.75000000000000
-5.74000000000000
-4.71000000000000
-3.67000000000000
-2.62000000000000
-1.56000000000000
-0.495000000000000
0.583000000000000
1.67000000000000
2.77000000000000
3.87000000000000
4.99000000000000
6.11000000000000
7.24000000000000
8.38000000000000
9.53000000000000
10.7000000000000
11.8000000000000
13
14.2000000000000
15.4000000000000
16.5000000000000
17.7000000000000
18.9000000000000
20.1000000000000
21.3000000000000
22.5000000000000
23.7000000000000
25
26.2000000000000
27.4000000000000
28.6000000000000
29.8000000000000
31.1000000000000
32.3000000000000
33.5000000000000
34.7000000000000
36
37.2000000000000
38.4000000000000
39.6000000000000
40.9000000000000
42.1000000000000
43.3000000000000
44.5000000000000
45.7000000000000
46.9000000000000
48.1000000000000
49.3000000000000
50.5000000000000
51.7000000000000
52.9000000000000
54.1000000000000
55.2000000000000
56.4000000000000
57.6000000000000
58.7000000000000
59.8000000000000
61
62.1000000000000
63.2000000000000
64.3000000000000
65.4000000000000
66.5000000000000
67.5000000000000
68.6000000000000
69.7000000000000
70.7000000000000
71.7000000000000
72.7000000000000
73.7000000000000
74.7000000000000
75.7000000000000
76.6000000000000
77.6000000000000
78.5000000000000
79.4000000000000
80.3000000000000
81.2000000000000
82
82.9000000000000
83.7000000000000
84.5000000000000
85.3000000000000
86.1000000000000
86.8000000000000
87.6000000000000
88.3000000000000
89
89.7000000000000
90.3000000000000
91
91.6000000000000
92.2000000000000
92.7000000000000
93.3000000000000
93.8000000000000
94.4000000000000
94.9000000000000
95.3000000000000
95.8000000000000
96.2000000000000
96.6000000000000
97
97.4000000000000
97.7000000000000
98
98.3000000000000
98.6000000000000
98.8000000000000
99
99.2000000000000
99.4000000000000
99.6000000000000
99.7000000000000
99.8000000000000
99.9000000000000
100
100
100
100
100
99.9000000000000
99.8000000000000
99.7000000000000
99.6000000000000
99.4000000000000
99.2000000000000
99
98.8000000000000
98.6000000000000
98.3000000000000
98
97.7000000000000
97.4000000000000
97
96.6000000000000
96.2000000000000
95.8000000000000
95.3000000000000
94.9000000000000
94.4000000000000
93.8000000000000
93.3000000000000
92.7000000000000
92.2000000000000
91.6000000000000
91
90.3000000000000
89.7000000000000
89
88.3000000000000
87.6000000000000
86.8000000000000
86.1000000000000
85.3000000000000
84.5000000000000
83.7000000000000
82.9000000000000
82
81.2000000000000
80.3000000000000
79.4000000000000
78.5000000000000
77.6000000000000
76.6000000000000
75.7000000000000
74.7000000000000
73.7000000000000
72.7000000000000
71.7000000000000
70.7000000000000
69.7000000000000
68.6000000000000
67.5000000000000
66.5000000000000
65.4000000000000
64.3000000000000
63.2000000000000
62.1000000000000
61
59.8000000000000
58.7000000000000
57.6000000000000
56.4000000000000
55.2000000000000
54.1000000000000
52.9000000000000
51.7000000000000
50.5000000000000
49.3000000000000
48.1000000000000
46.9000000000000
45.7000000000000
44.5000000000000
43.3000000000000
42.1000000000000
40.9000000000000
39.6000000000000
38.4000000000000
37.2000000000000
36
34.7000000000000
33.5000000000000
32.3000000000000
31.1000000000000
29.8000000000000
28.6000000000000
27.4000000000000
26.2000000000000
25
23.7000000000000
22.5000000000000
21.3000000000000
20.1000000000000
18.9000000000000
17.7000000000000
16.5000000000000
15.4000000000000
14.2000000000000
13
11.8000000000000
10.7000000000000
9.53000000000000
8.38000000000000
7.24000000000000
6.11000000000000
4.99000000000000
3.87000000000000
2.77000000000000
1.67000000000000
0.583000000000000
-0.495000000000000
-1.56000000000000
-2.62000000000000
-3.67000000000000
-4.71000000000000
-5.74000000000000
-6.75000000000000
-7.76000000000000
-8.75000000000000
-9.73000000000000
-10.7000000000000
-11.7000000000000
-12.6000000000000
-13.5000000000000
-14.5000000000000
-15.4000000000000
-16.3000000000000
-17.2000000000000
-18
-18.9000000000000
-19.7000000000000
-20.6000000000000
-21.4000000000000
-22.2000000000000
-23
-23.7000000000000
-24.5000000000000
-25.3000000000000
-26
-26.7000000000000
-27.4000000000000
-28.1000000000000
-28.8000000000000
-29.4000000000000
-30.1000000000000
-30.7000000000000
-31.3000000000000
-31.9000000000000
-32.5000000000000
-33.1000000000000
-33.7000000000000
-34.2000000000000
-34.7000000000000
-35.3000000000000
-35.8000000000000
-36.2000000000000
-36.7000000000000
-37.2000000000000
-37.6000000000000
-38
-38.5000000000000
-38.9000000000000
-39.2000000000000
-39.6000000000000
-40
-40.3000000000000
-40.6000000000000
-41
-41.3000000000000
-41.5000000000000
-41.8000000000000
-42.1000000000000
-42.3000000000000
-42.6000000000000
-42.8000000000000
-43
-43.2000000000000
-43.4000000000000
-43.5000000000000
-43.7000000000000
-43.8000000000000
-44
-44.1000000000000
-44.2000000000000
-44.3000000000000
-44.4000000000000
-44.4000000000000
-44.5000000000000
-44.5000000000000
-44.6000000000000
-44.6000000000000
-44.6000000000000
-44.6000000000000
-44.6000000000000
-44.6000000000000
-44.6000000000000
-44.5000000000000
-44.5000000000000
-44.4000000000000
-44.4000000000000
-44.3000000000000
-44.2000000000000
-44.1000000000000
-44
-43.9000000000000
-43.8000000000000
-43.7000000000000
-43.5000000000000
-43.4000000000000
-43.2000000000000
-43.1000000000000
-42.9000000000000
-42.7000000000000
-42.5000000000000
-42.4000000000000
-42.2000000000000
-42
-41.7000000000000
-41.5000000000000
-41.3000000000000
-41.1000000000000
-40.9000000000000
-40.6000000000000
-40.4000000000000
-40.1000000000000
-39.9000000000000
-39.6000000000000
-39.4000000000000
-39.1000000000000
-38.8000000000000
-38.5000000000000
-38.3000000000000
-38
-37.7000000000000
-37.4000000000000
-37.1000000000000
-36.8000000000000
-36.5000000000000
-36.2000000000000
-35.9000000000000
-35.6000000000000
-35.3000000000000
-35
-34.7000000000000
-34.3000000000000
-34
-33.7000000000000
-33.4000000000000
-33
-32.7000000000000
-32.4000000000000
-32.1000000000000
-31.7000000000000
-31.4000000000000
-31.1000000000000
-30.7000000000000
-30.4000000000000
-30.1000000000000
-29.7000000000000
-29.4000000000000
-29.1000000000000
-28.7000000000000
-28.4000000000000
-28.1000000000000
-27.7000000000000
-27.4000000000000
-27.1000000000000
-26.8000000000000
-26.4000000000000
-26.1000000000000
-25.8000000000000
-25.4000000000000
-25.1000000000000
-24.8000000000000
-24.5000000000000
-24.1000000000000
-23.8000000000000
-23.5000000000000
-23.2000000000000
-22.9000000000000
-22.5000000000000
-22.2000000000000
-21.9000000000000
-21.6000000000000
-21.3000000000000
-21
-20.7000000000000
-20.4000000000000
-20.1000000000000
-19.8000000000000
-19.5000000000000
-19.2000000000000
-18.9000000000000
-18.6000000000000
-18.3000000000000
-18
-17.8000000000000
-17.5000000000000
-17.2000000000000
-16.9000000000000
-16.7000000000000
-16.4000000000000
-16.1000000000000
-15.9000000000000
-15.6000000000000
-15.3000000000000
-15.1000000000000
-14.8000000000000
-14.6000000000000
-14.3000000000000
-14.1000000000000
-13.8000000000000
-13.6000000000000
-13.4000000000000
-13.1000000000000
-12.9000000000000
-12.7000000000000
-12.4000000000000
-12.2000000000000
-12
-11.8000000000000
-11.6000000000000
-11.3000000000000
-11.1000000000000
-10.9000000000000
-10.7000000000000
-10.5000000000000
-10.3000000000000
-10.1000000000000
-9.93000000000000
-9.74000000000000
-9.55000000000000
-9.36000000000000
-9.18000000000000
-9
-8.82000000000000
-8.64000000000000
-8.47000000000000
-8.30000000000000
-8.13000000000000
-7.97000000000000
-7.81000000000000
-7.65000000000000
-7.49000000000000
-7.33000000000000
-7.18000000000000
-7.03000000000000
-6.88000000000000
-6.74000000000000
-6.60000000000000
-6.46000000000000
-6.32000000000000
-6.18000000000000
-6.05000000000000
-5.92000000000000
-5.79000000000000
-5.66000000000000
-5.54000000000000
-5.42000000000000
-5.30000000000000
-5.18000000000000
-5.06000000000000
-4.95000000000000
-4.84000000000000
-4.73000000000000
-4.62000000000000
-4.51000000000000
-4.41000000000000
-4.31000000000000
-4.21000000000000
-4.11000000000000
-4.02000000000000
-3.92000000000000
-3.83000000000000
-3.74000000000000
-3.65000000000000
-3.56000000000000
-3.48000000000000
-3.39000000000000
-3.31000000000000
-3.23000000000000
-3.15000000000000
-3.08000000000000
-3
-2.93000000000000
-2.86000000000000
-2.79000000000000
-2.72000000000000
-2.65000000000000
-2.58000000000000
-2.52000000000000
-2.45000000000000
-2.39000000000000
-2.33000000000000
-2.27000000000000
-2.21000000000000
-2.16000000000000
-2.10000000000000
-2.05000000000000
-1.99000000000000
-1.94000000000000
-1.89000000000000
-1.84000000000000
-1.79000000000000
-1.75000000000000
-1.70000000000000
-1.65000000000000
-1.61000000000000
-1.57000000000000
-1.52000000000000
-1.48000000000000
-1.44000000000000
-1.40000000000000
-1.37000000000000
-1.33000000000000
-1.29000000000000
-1.26000000000000
-1.22000000000000
-1.19000000000000
-1.16000000000000
-1.12000000000000
-1.09000000000000
-1.06000000000000
-1.03000000000000
-1
-0.974000000000000
-0.946000000000000
-0.919000000000000
-0.893000000000000
-0.867000000000000
-0.842000000000000
-0.818000000000000
-0.794000000000000
-0.771000000000000
-0.749000000000000
-0.727000000000000
-0.706000000000000
-0.685000000000000
-0.665000000000000
-0.645000000000000
-0.626000000000000
-0.607000000000000
-0.589000000000000
-0.572000000000000
-0.554000000000000
-0.538000000000000
-0.521000000000000
-0.506000000000000
-0.490000000000000
-0.475000000000000
-0.461000000000000
-0.447000000000000
-0.433000000000000
-0.420000000000000
-0.407000000000000
-0.394000000000000
-0.382000000000000
-0.370000000000000
-0.358000000000000
-0.347000000000000
-0.336000000000000
-0.326000000000000
-0.315000000000000
-0.305000000000000
-0.296000000000000
-0.286000000000000
-0.277000000000000
-0.268000000000000
-0.260000000000000
-0.251000000000000
-0.243000000000000
-0.235000000000000
-0.228000000000000
-0.220000000000000
-0.213000000000000
-0.206000000000000
-0.199000000000000
-0.193000000000000
-0.186000000000000
-0.180000000000000
-0.174000000000000
-0.168000000000000
-0.163000000000000
-0.157000000000000
-0.152000000000000
-0.147000000000000
-0.142000000000000
-0.137000000000000
-0.133000000000000
-0.128000000000000
-0.124000000000000
-0.120000000000000
-0.115000000000000
-0.112000000000000
-0.108000000000000
-0.104000000000000
-0.100000000000000
-0.0969000000000000
-0.0936000000000000
-0.0903000000000000
-0.0872000000000000
-0.0841000000000000
-0.0812000000000000
-0.0783000000000000
-0.0756000000000000
-0.0729000000000000
-0.0703000000000000
-0.0678000000000000
-0.0654000000000000
-0.0631000000000000
-0.0608000000000000
-0.0587000000000000
-0.0565000000000000
-0.0545000000000000
-0.0525000000000000
-0.0506000000000000
-0.0488000000000000
-0.0470000000000000
-0.0453000000000000
-0.0437000000000000
-0.0421000000000000
-0.0405000000000000
-0.0390000000000000
-0.0376000000000000
-0.0362000000000000
-0.0349000000000000
-0.0336000000000000
-0.0323000000000000
-0.0311000000000000
-0.0300000000000000
-0.0289000000000000
-0.0278000000000000
-0.0267000000000000
-0.0257000000000000
-0.0248000000000000
-0.0238000000000000
-0.0229000000000000
-0.0220000000000000
-0.0212000000000000
-0.0204000000000000
-0.0196000000000000
-0.0189000000000000
-0.0181000000000000
-0.0174000000000000
-0.0168000000000000
-0.0161000000000000
-0.0155000000000000
-0.0149000000000000
-0.0143000000000000
-0.0138000000000000
-0.0132000000000000
-0.0127000000000000
-0.0122000000000000
-0.0117000000000000
-0.0113000000000000
-0.0108000000000000
-0.0104000000000000
-0.00998000000000000
-0.00958000000000000
-0.00920000000000000
-0.00883000000000000
-0.00848000000000000
-0.00814000000000000
-0.00781000000000000
-0.00750000000000000
-0.00720000000000000
-0.00691000000000000
-0.00663000000000000
-0.00636000000000000
-0.00610000000000000
-0.00585000000000000
-0.00561000000000000
-0.00538000000000000
-0.00516000000000000
-0.00495000000000000
-0.00475000000000000
-0.00455000000000000
-0.00436000000000000
-0.00418000000000000
-0.00401000000000000
-0.00384000000000000
-0.00368000000000000
-0.00353000000000000
-0.00338000000000000
-0.00324000000000000
-0.00311000000000000
-0.00297000000000000
-0.00285000000000000
-0.00273000000000000
-0.00261000000000000
-0.00250000000000000
-0.00240000000000000
-0.00229000000000000
-0.00220000000000000
-0.00210000000000000
-0.00201000000000000
-0.00193000000000000
-0.00184000000000000
-0.00177000000000000
-0.00169000000000000
-0.00162000000000000
-0.00155000000000000
-0.00148000000000000
-0.00141000000000000
-0.00135000000000000
-0.00129000000000000
-0.00124000000000000
-0.00118000000000000
-0.00113000000000000
-0.00108000000000000
-0.00103000000000000
-0.000990000000000000
-0.000940000000000000
-0.000900000000000000
-0.000860000000000000
-0.000830000000000000
-0.000790000000000000
-0.000750000000000000
-0.000720000000000000
-0.000690000000000000
-0.000660000000000000
-0.000630000000000000
-0.000600000000000000
-0.000570000000000000
-0.000550000000000000
-0.000520000000000000
-0.000500000000000000
-0.000480000000000000
-0.000450000000000000
-0.000430000000000000
-0.000410000000000000
-0.000390000000000000
-0.000380000000000000
-0.000360000000000000
-0.000340000000000000
-0.000330000000000000
-0.000310000000000000
-0.000300000000000000
-0.000280000000000000
-0.000270000000000000
-0.000260000000000000
-0.000250000000000000
-0.000230000000000000
-0.000220000000000000
-0.000210000000000000
-0.000200000000000000
-0.000190000000000000
-0.000190000000000000
-0.000180000000000000
-0.000170000000000000
-0.000160000000000000
-0.000150000000000000
-0.000150000000000000
-0.000140000000000000
-0.000130000000000000
-0.000130000000000000
-0.000120000000000000
-0.000110000000000000
-0.000110000000000000
-0.000100000000000000
-0.000100000000000000
-9.00000000000000e-05
-9.00000000000000e-05
-8.00000000000000e-05
-8.00000000000000e-05
-8.00000000000000e-05
-7.00000000000000e-05
-7.00000000000000e-05
-7.00000000000000e-05
-6.00000000000000e-05
-6.00000000000000e-05
-6.00000000000000e-05
-5.00000000000000e-05
-5.00000000000000e-05
-5.00000000000000e-05
-5.00000000000000e-05
-4.00000000000000e-05
-4.00000000000000e-05
-4.00000000000000e-05
-4.00000000000000e-05
-4.00000000000000e-05
-3.00000000000000e-05
-3.00000000000000e-05
-3.00000000000000e-05
-3.00000000000000e-05
-3.00000000000000e-05
-3.00000000000000e-05
-3.00000000000000e-05
-2.00000000000000e-05
-2.00000000000000e-05
-2.00000000000000e-05
-2.00000000000000e-05
-2.00000000000000e-05
-2.00000000000000e-05
-2.00000000000000e-05
-2.00000000000000e-05
-2.00000000000000e-05
-2.00000000000000e-05
-1.00000000000000e-05
-1.00000000000000e-05
-1.00000000000000e-05
-1.00000000000000e-05
-1.00000000000000e-05
-1.00000000000000e-05
-1.00000000000000e-05
-1.00000000000000e-05
-1.00000000000000e-05
-1.00000000000000e-05
-1.00000000000000e-05
-1.00000000000000e-05
-1.00000000000000e-05
-1.00000000000000e-05
-1.00000000000000e-05
-1.00000000000000e-05
-1.00000000000000e-05
-1.00000000000000e-05
-1.00000000000000e-05
-1.00000000000000e-05
0
0
0
0
0
0
0
0
0
0
0
0
0
0
0
0
0
0
0
0
0
0
0
0
0
0
0
0
0
0
0
0
0
0
0
0
0
0
0
0
0
0
0
0
0
0
0
0
0
0
0
0
0
0
0
0
0
0
0
0
0
0
0
0
0
0
0
0
0
0
0
0
0
0
0
0
0
0
0
0
0
0
0
0
0
0
0
0
0
0
0
0
0
0
0
0
0
0
0
0
0
0
0
0
0
0
0
0
0
0
0
0
0
0
0
0
0
0
0
0
0
0
0
0
0
0
0
0
0
0
0
0
0
0
0
0
0
0
0
0
0
0
0
0
0
0
0
0
0
0
0
0
0
0
0
0
0
0
0
0
0
0
0
0
0
0
0
0
0
0
0
0
0
0
0
0
0
0
0
0
0
0
0
0
0
0
0
0
0
0
0
0
0
0
0
0
0
0
0
0
0
0
0
0
0
0
0
0
0
0
0
0
0
0
0
0
0
0
0
0
0
0
0
0
0
0
0
0
0
0
0
0
0
0
0
0
0
0
0
0
0
0
0
0
0
0
0
0
0
0
0
0
0
0
0
0
0
0
0
0
0
0
0
0
0
0
0
0
0
0
0
0
0
0
0
0
0
0
0
0
0
0
0
0
0
0
0
0
0
0
0
0
0
0
0
0
0
0
0
0
0
0
0
0
0
0
0
0
0
0
0
0
0
0
0
0
0
0
0
0
0
0
0
0
0
0
0
0
0
0
0
0
0
0
0
0
0
0
0
0
0
0
0
0
0
0
0
0
0
0
0
0
0
0
0
0
0
0
0
0
0
0
0
0
0
0
0
0
0
0
0
0
0
0
0
0
0
0
0
0
0
0
0
0
0
0
0
0
0
0
0
0
0
0
0
0
0
0
0
0
0
0
0
0
0
0
0
0
0
0
0
0
0
0
0
0
0
0
0
0
0
0
0
0
0
0
0
0
0
0
0
0
0
0
0
0
0
0
0
0
0
0
0
0
0
0
0
0
0
0
0
0
0
0
0
0
0
0
0
0
0
0
0
0
0
0
0
0
0
0
0
0
0
0
0
0
0
0
0
0
0
0
0
0
0
0
0
0
0
0
0
0
0
0
0
0
0
0
0
0
0
0
0
0
0
0
0
0
0
0
0
0
0
0
0
0
0
0
0
0
0
0
0
0
0
0
0
0
0
0
0
0
0
0
0
0
0
0
0
0
0
0
0
0
0
0
0
0
0
0
0
0
0
0
0
0
0
0
0
0
0
0
0
0
0
0
0
0
0
0
0
0
0
0
0
0
0
0
0
0
0
0
0
0
0
0
0
0
0
0
0
0
0
0
0
0
0
0
0
0
0
0
0
0
0
0
0
0
0
0
0
0
0
0
0
0
0
0
0
0
0
0
0
0
0
0
0
0
0
0
0
0
0
0
0
0
0
0
0
0
0
0
0
0
0
0
0
0
0
0
0
0
0
0
0
0
0
0
0
0
0
0
0
0
0
0
0
0
0
0
0
0
0
0
0
0
0
0
0
0
0
0
0
0
0
0
0
0
0
0
0
0
0
0
0
0
0
0
0
0
0
0
0
0
0
0
0
0
0
0
0
0
0
0
0
0
0
0
0
0
0
0
0
0
0
0
0
0
0
0
0
0
0
0
0
0
0
0
0
0
0
0
0
0
0
0
0
0
0
0
0
0
0
0
0
0
0
0
0
0
0
0
0
0
0
0
0
0
0
0
0
0
0
0
0
0
0
0
0